       840
1114 1702 1583 317 318
1115 1701 1702 318 319
1116 1700 1701 319 320
1117 1699 1700 320 321
1118 1698 1699 321 322
1119 1697 1698 322 323
1120 1696 1697 323 324
1121 1695 1696 324 325
1122 1694 1695 325 326
1123 1693 1694 326 327
1124 1692 1693 327 328
1125 1691 1692 328 329
1126 1690 1691 329 330
1127 1689 1690 330 331
1128 1688 1689 331 332
1129 1687 1688 332 333
1130 1686 1687 333 334
1131 1685 1686 334 335
1132 1684 1685 335 336
1133 1683 1684 336 337
1134 1682 1683 337 338
1135 1681 1682 338 339
1136 1680 1681 339 340
1137 1679 1680 340 341
1138 1678 1679 341 342
1139 1677 1678 342 343
1140 1676 1677 343 344
1141 1675 1676 344 345
1142 1674 1675 345 346
1143 1429 1674 346 287
2205 1673 1584 1583 1702
2206 1672 1673 1702 1701
2207 1671 1672 1701 1700
2208 1670 1671 1700 1699
2209 1669 1670 1699 1698
2210 1668 1669 1698 1697
2211 1667 1668 1697 1696
2212 1666 1667 1696 1695
2213 1665 1666 1695 1694
2214 1664 1665 1694 1693
2215 1663 1664 1693 1692
2216 1662 1663 1692 1691
2217 1661 1662 1691 1690
2218 1660 1661 1690 1689
2219 1659 1660 1689 1688
2220 1658 1659 1688 1687
2221 1657 1658 1687 1686
2222 1656 1657 1686 1685
2223 1655 1656 1685 1684
2224 1654 1655 1684 1683
2225 1653 1654 1683 1682
2226 1652 1653 1682 1681
2227 1651 1652 1681 1680
2228 1650 1651 1680 1679
2229 1649 1650 1679 1678
2230 1648 1649 1678 1677
2231 1647 1648 1677 1676
2232 1646 1647 1676 1675
2233 1645 1646 1675 1674
2234 1430 1645 1674 1429
3296 1644 1585 1584 1673
3297 1643 1644 1673 1672
3298 1642 1643 1672 1671
3299 1641 1642 1671 1670
3300 1640 1641 1670 1669
3301 1639 1640 1669 1668
3302 1638 1639 1668 1667
3303 1637 1638 1667 1666
3304 1636 1637 1666 1665
3305 1635 1636 1665 1664
3306 1634 1635 1664 1663
3307 1633 1634 1663 1662
3308 1632 1633 1662 1661
3309 1631 1632 1661 1660
3310 1630 1631 1660 1659
3311 1629 1630 1659 1658
3312 1628 1629 1658 1657
3313 1627 1628 1657 1656
3314 1626 1627 1656 1655
3315 1625 1626 1655 1654
3316 1624 1625 1654 1653
3317 1623 1624 1653 1652
3318 1622 1623 1652 1651
3319 1621 1622 1651 1650
3320 1620 1621 1650 1649
3321 1619 1620 1649 1648
3322 1618 1619 1648 1647
3323 1617 1618 1647 1646
3324 1616 1617 1646 1645
3325 1431 1616 1645 1430
4451 1615 1586 1585 1644
4452 1614 1615 1644 1643
4453 1613 1614 1643 1642
4454 1612 1613 1642 1641
4455 1611 1612 1641 1640
4456 1610 1611 1640 1639
4457 1609 1610 1639 1638
4458 1608 1609 1638 1637
4459 1607 1608 1637 1636
4460 1606 1607 1636 1635
4461 1605 1606 1635 1634
4462 1604 1605 1634 1633
4463 1603 1604 1633 1632
4464 1602 1603 1632 1631
4465 1601 1602 1631 1630
4466 1600 1601 1630 1629
4467 1599 1600 1629 1628
4468 1598 1599 1628 1627
4469 1597 1598 1627 1626
4470 1596 1597 1626 1625
4471 1595 1596 1625 1624
4472 1594 1595 1624 1623
4473 1593 1594 1623 1622
4474 1592 1593 1622 1621
4475 1591 1592 1621 1620
4476 1590 1591 1620 1619
4477 1589 1590 1619 1618
4478 1588 1589 1618 1617
4479 1587 1588 1617 1616
4480 1432 1587 1616 1431
5606 1554 1553 1586 1615
5607 1555 1554 1615 1614
5608 1556 1555 1614 1613
5609 1557 1556 1613 1612
5610 1558 1557 1612 1611
5611 1559 1558 1611 1610
5612 1560 1559 1610 1609
5613 1561 1560 1609 1608
5614 1562 1561 1608 1607
5615 1563 1562 1607 1606
5616 1564 1563 1606 1605
5617 1565 1564 1605 1604
5618 1566 1565 1604 1603
5619 1567 1566 1603 1602
5620 1568 1567 1602 1601
5621 1569 1568 1601 1600
5622 1570 1569 1600 1599
5623 1571 1570 1599 1598
5624 1572 1571 1598 1597
5625 1573 1572 1597 1596
5626 1574 1573 1596 1595
5627 1575 1574 1595 1594
5628 1576 1575 1594 1593
5629 1577 1576 1593 1592
5630 1578 1577 1592 1591
5631 1579 1578 1591 1590
5632 1580 1579 1590 1589
5633 1581 1580 1589 1588
5634 1582 1581 1588 1587
5635 1398 1582 1587 1432
5916 1582 1398 7808 7870
5917 1581 1582 7870 7869
5918 1580 1581 7869 7868
5919 1579 1580 7868 7867
5920 1578 1579 7867 7866
5921 1577 1578 7866 7865
5922 1576 1577 7865 7864
5923 1575 1576 7864 7863
5924 1574 1575 7863 7862
5925 1573 1574 7862 7861
5926 1572 1573 7861 7860
5927 1571 1572 7860 7859
5928 1570 1571 7859 7858
5929 1569 1570 7858 7857
5930 1568 1569 7857 7856
5931 1567 1568 7856 7855
5932 1566 1567 7855 7854
5933 1565 1566 7854 7853
5934 1564 1565 7853 7852
5935 1563 1564 7852 7851
5936 1562 1563 7851 7850
5937 1561 1562 7850 7849
5938 1560 1561 7849 7848
5939 1559 1560 7848 7847
5940 1558 1559 7847 7846
5941 1557 1558 7846 7845
5942 1556 1557 7845 7844
5943 1555 1556 7844 7843
5944 1554 1555 7843 7842
5945 1553 1554 7842 7550
7071 7870 7808 7809 7899
7072 7869 7870 7899 7898
7073 7868 7869 7898 7897
7074 7867 7868 7897 7896
7075 7866 7867 7896 7895
7076 7865 7866 7895 7894
7077 7864 7865 7894 7893
7078 7863 7864 7893 7892
7079 7862 7863 7892 7891
7080 7861 7862 7891 7890
7081 7860 7861 7890 7889
7082 7859 7860 7889 7888
7083 7858 7859 7888 7887
7084 7857 7858 7887 7886
7085 7856 7857 7886 7885
7086 7855 7856 7885 7884
7087 7854 7855 7884 7883
7088 7853 7854 7883 7882
7089 7852 7853 7882 7881
7090 7851 7852 7881 7880
7091 7850 7851 7880 7879
7092 7849 7850 7879 7878
7093 7848 7849 7878 7877
7094 7847 7848 7877 7876
7095 7846 7847 7876 7875
7096 7845 7846 7875 7874
7097 7844 7845 7874 7873
7098 7843 7844 7873 7872
7099 7842 7843 7872 7871
7100 7550 7842 7871 7551
8226 7899 7809 7810 7928
8227 7898 7899 7928 7927
8228 7897 7898 7927 7926
8229 7896 7897 7926 7925
8230 7895 7896 7925 7924
8231 7894 7895 7924 7923
8232 7893 7894 7923 7922
8233 7892 7893 7922 7921
8234 7891 7892 7921 7920
8235 7890 7891 7920 7919
8236 7889 7890 7919 7918
8237 7888 7889 7918 7917
8238 7887 7888 7917 7916
8239 7886 7887 7916 7915
8240 7885 7886 7915 7914
8241 7884 7885 7914 7913
8242 7883 7884 7913 7912
8243 7882 7883 7912 7911
8244 7881 7882 7911 7910
8245 7880 7881 7910 7909
8246 7879 7880 7909 7908
8247 7878 7879 7908 7907
8248 7877 7878 7907 7906
8249 7876 7877 7906 7905
8250 7875 7876 7905 7904
8251 7874 7875 7904 7903
8252 7873 7874 7903 7902
8253 7872 7873 7902 7901
8254 7871 7872 7901 7900
8255 7551 7871 7900 7552
9381 7928 7810 7811 7957
9382 7927 7928 7957 7956
9383 7926 7927 7956 7955
9384 7925 7926 7955 7954
9385 7924 7925 7954 7953
9386 7923 7924 7953 7952
9387 7922 7923 7952 7951
9388 7921 7922 7951 7950
9389 7920 7921 7950 7949
9390 7919 7920 7949 7948
9391 7918 7919 7948 7947
9392 7917 7918 7947 7946
9393 7916 7917 7946 7945
9394 7915 7916 7945 7944
9395 7914 7915 7944 7943
9396 7913 7914 7943 7942
9397 7912 7913 7942 7941
9398 7911 7912 7941 7940
9399 7910 7911 7940 7939
9400 7909 7910 7939 7938
9401 7908 7909 7938 7937
9402 7907 7908 7937 7936
9403 7906 7907 7936 7935
9404 7905 7906 7935 7934
9405 7904 7905 7934 7933
9406 7903 7904 7933 7932
9407 7902 7903 7932 7931
9408 7901 7902 7931 7930
9409 7900 7901 7930 7929
9410 7552 7900 7929 7553
10536 7957 7811 7812 7986
10537 7956 7957 7986 7985
10538 7955 7956 7985 7984
10539 7954 7955 7984 7983
10540 7953 7954 7983 7982
10541 7952 7953 7982 7981
10542 7951 7952 7981 7980
10543 7950 7951 7980 7979
10544 7949 7950 7979 7978
10545 7948 7949 7978 7977
10546 7947 7948 7977 7976
10547 7946 7947 7976 7975
10548 7945 7946 7975 7974
10549 7944 7945 7974 7973
10550 7943 7944 7973 7972
10551 7942 7943 7972 7971
10552 7941 7942 7971 7970
10553 7940 7941 7970 7969
10554 7939 7940 7969 7968
10555 7938 7939 7968 7967
10556 7937 7938 7967 7966
10557 7936 7937 7966 7965
10558 7935 7936 7965 7964
10559 7934 7935 7964 7963
10560 7933 7934 7963 7962
10561 7932 7933 7962 7961
10562 7931 7932 7961 7960
10563 7930 7931 7960 7959
10564 7929 7930 7959 7958
10565 7553 7929 7958 7554
11691 7986 7812 7807 7813
11692 7985 7986 7813 7814
11693 7984 7985 7814 7815
11694 7983 7984 7815 7816
11695 7982 7983 7816 7817
11696 7981 7982 7817 7818
11697 7980 7981 7818 7819
11698 7979 7980 7819 7820
11699 7978 7979 7820 7821
11700 7977 7978 7821 7822
11701 7976 7977 7822 7823
11702 7975 7976 7823 7824
11703 7974 7975 7824 7825
11704 7973 7974 7825 7826
11705 7972 7973 7826 7827
11706 7971 7972 7827 7828
11707 7970 7971 7828 7829
11708 7969 7970 7829 7830
11709 7968 7969 7830 7831
11710 7967 7968 7831 7832
11711 7966 7967 7832 7833
11712 7965 7966 7833 7834
11713 7964 7965 7834 7835
11714 7963 7964 7835 7836
11715 7962 7963 7836 7837
11716 7961 7962 7837 7838
11717 7960 7961 7838 7839
11718 7959 7960 7839 7840
11719 7958 7959 7840 7841
11720 7554 7958 7841 7549
13819 15598 16162 318 317
13820 16162 16163 319 318
13821 16163 16164 320 319
13822 16164 16165 321 320
13823 16165 16166 322 321
13824 16166 16167 323 322
13825 16167 16168 324 323
13826 16168 16169 325 324
13827 16169 16170 326 325
13828 16170 16171 327 326
13829 16171 16172 328 327
13830 16172 16173 329 328
13831 16173 16174 330 329
13832 16174 16175 331 330
13833 16175 16176 332 331
13834 16176 16177 333 332
13835 16177 16178 334 333
13836 16178 16179 335 334
13837 16179 16180 336 335
13838 16180 16181 337 336
13839 16181 16182 338 337
13840 16182 16183 339 338
13841 16183 16184 340 339
13842 16184 16185 341 340
13843 16185 16186 342 341
13844 16186 16187 343 342
13845 16187 16188 344 343
13846 16188 16189 345 344
13847 16189 16190 346 345
13848 16190 14941 287 346
14910 15597 16133 16162 15598
14911 16133 16134 16163 16162
14912 16134 16135 16164 16163
14913 16135 16136 16165 16164
14914 16136 16137 16166 16165
14915 16137 16138 16167 16166
14916 16138 16139 16168 16167
14917 16139 16140 16169 16168
14918 16140 16141 16170 16169
14919 16141 16142 16171 16170
14920 16142 16143 16172 16171
14921 16143 16144 16173 16172
14922 16144 16145 16174 16173
14923 16145 16146 16175 16174
14924 16146 16147 16176 16175
14925 16147 16148 16177 16176
14926 16148 16149 16178 16177
14927 16149 16150 16179 16178
14928 16150 16151 16180 16179
14929 16151 16152 16181 16180
14930 16152 16153 16182 16181
14931 16153 16154 16183 16182
14932 16154 16155 16184 16183
14933 16155 16156 16185 16184
14934 16156 16157 16186 16185
14935 16157 16158 16187 16186
14936 16158 16159 16188 16187
14937 16159 16160 16189 16188
14938 16160 16161 16190 16189
14939 16161 14940 14941 16190
16001 15596 16104 16133 15597
16002 16104 16105 16134 16133
16003 16105 16106 16135 16134
16004 16106 16107 16136 16135
16005 16107 16108 16137 16136
16006 16108 16109 16138 16137
16007 16109 16110 16139 16138
16008 16110 16111 16140 16139
16009 16111 16112 16141 16140
16010 16112 16113 16142 16141
16011 16113 16114 16143 16142
16012 16114 16115 16144 16143
16013 16115 16116 16145 16144
16014 16116 16117 16146 16145
16015 16117 16118 16147 16146
16016 16118 16119 16148 16147
16017 16119 16120 16149 16148
16018 16120 16121 16150 16149
16019 16121 16122 16151 16150
16020 16122 16123 16152 16151
16021 16123 16124 16153 16152
16022 16124 16125 16154 16153
16023 16125 16126 16155 16154
16024 16126 16127 16156 16155
16025 16127 16128 16157 16156
16026 16128 16129 16158 16157
16027 16129 16130 16159 16158
16028 16130 16131 16160 16159
16029 16131 16132 16161 16160
16030 16132 14939 14940 16161
17156 15595 16075 16104 15596
17157 16075 16076 16105 16104
17158 16076 16077 16106 16105
17159 16077 16078 16107 16106
17160 16078 16079 16108 16107
17161 16079 16080 16109 16108
17162 16080 16081 16110 16109
17163 16081 16082 16111 16110
17164 16082 16083 16112 16111
17165 16083 16084 16113 16112
17166 16084 16085 16114 16113
17167 16085 16086 16115 16114
17168 16086 16087 16116 16115
17169 16087 16088 16117 16116
17170 16088 16089 16118 16117
17171 16089 16090 16119 16118
17172 16090 16091 16120 16119
17173 16091 16092 16121 16120
17174 16092 16093 16122 16121
17175 16093 16094 16123 16122
17176 16094 16095 16124 16123
17177 16095 16096 16125 16124
17178 16096 16097 16126 16125
17179 16097 16098 16127 16126
17180 16098 16099 16128 16127
17181 16099 16100 16129 16128
17182 16100 16101 16130 16129
17183 16101 16102 16131 16130
17184 16102 16103 16132 16131
17185 16103 14938 14939 16132
18311 15594 16046 16075 15595
18312 16046 16047 16076 16075
18313 16047 16048 16077 16076
18314 16048 16049 16078 16077
18315 16049 16050 16079 16078
18316 16050 16051 16080 16079
18317 16051 16052 16081 16080
18318 16052 16053 16082 16081
18319 16053 16054 16083 16082
18320 16054 16055 16084 16083
18321 16055 16056 16085 16084
18322 16056 16057 16086 16085
18323 16057 16058 16087 16086
18324 16058 16059 16088 16087
18325 16059 16060 16089 16088
18326 16060 16061 16090 16089
18327 16061 16062 16091 16090
18328 16062 16063 16092 16091
18329 16063 16064 16093 16092
18330 16064 16065 16094 16093
18331 16065 16066 16095 16094
18332 16066 16067 16096 16095
18333 16067 16068 16097 16096
18334 16068 16069 16098 16097
18335 16069 16070 16099 16098
18336 16070 16071 16100 16099
18337 16071 16072 16101 16100
18338 16072 16073 16102 16101
18339 16073 16074 16103 16102
18340 16074 14937 14938 16103
19466 15593 16017 16046 15594
19467 16017 16018 16047 16046
19468 16018 16019 16048 16047
19469 16019 16020 16049 16048
19470 16020 16021 16050 16049
19471 16021 16022 16051 16050
19472 16022 16023 16052 16051
19473 16023 16024 16053 16052
19474 16024 16025 16054 16053
19475 16025 16026 16055 16054
19476 16026 16027 16056 16055
19477 16027 16028 16057 16056
19478 16028 16029 16058 16057
19479 16029 16030 16059 16058
19480 16030 16031 16060 16059
19481 16031 16032 16061 16060
19482 16032 16033 16062 16061
19483 16033 16034 16063 16062
19484 16034 16035 16064 16063
19485 16035 16036 16065 16064
19486 16036 16037 16066 16065
19487 16037 16038 16067 16066
19488 16038 16039 16068 16067
19489 16039 16040 16069 16068
19490 16040 16041 16070 16069
19491 16041 16042 16071 16070
19492 16042 16043 16072 16071
19493 16043 16044 16073 16072
19494 16044 16045 16074 16073
19495 16045 14936 14937 16074
20621 15592 15988 16017 15593
20622 15988 15989 16018 16017
20623 15989 15990 16019 16018
20624 15990 15991 16020 16019
20625 15991 15992 16021 16020
20626 15992 15993 16022 16021
20627 15993 15994 16023 16022
20628 15994 15995 16024 16023
20629 15995 15996 16025 16024
20630 15996 15997 16026 16025
20631 15997 15998 16027 16026
20632 15998 15999 16028 16027
20633 15999 16000 16029 16028
20634 16000 16001 16030 16029
20635 16001 16002 16031 16030
20636 16002 16003 16032 16031
20637 16003 16004 16033 16032
20638 16004 16005 16034 16033
20639 16005 16006 16035 16034
20640 16006 16007 16036 16035
20641 16007 16008 16037 16036
20642 16008 16009 16038 16037
20643 16009 16010 16039 16038
20644 16010 16011 16040 16039
20645 16011 16012 16041 16040
20646 16012 16013 16042 16041
20647 16013 16014 16043 16042
20648 16014 16015 16044 16043
20649 16015 16016 16045 16044
20650 16016 14935 14936 16045
21776 15591 15959 15988 15592
21777 15959 15960 15989 15988
21778 15960 15961 15990 15989
21779 15961 15962 15991 15990
21780 15962 15963 15992 15991
21781 15963 15964 15993 15992
21782 15964 15965 15994 15993
21783 15965 15966 15995 15994
21784 15966 15967 15996 15995
21785 15967 15968 15997 15996
21786 15968 15969 15998 15997
21787 15969 15970 15999 15998
21788 15970 15971 16000 15999
21789 15971 15972 16001 16000
21790 15972 15973 16002 16001
21791 15973 15974 16003 16002
21792 15974 15975 16004 16003
21793 15975 15976 16005 16004
21794 15976 15977 16006 16005
21795 15977 15978 16007 16006
21796 15978 15979 16008 16007
21797 15979 15980 16009 16008
21798 15980 15981 16010 16009
21799 15981 15982 16011 16010
21800 15982 15983 16012 16011
21801 15983 15984 16013 16012
21802 15984 15985 16014 16013
21803 15985 15986 16015 16014
21804 15986 15987 16016 16015
21805 15987 14934 14935 16016
22931 15561 15930 15959 15591
22932 15930 15931 15960 15959
22933 15931 15932 15961 15960
22934 15932 15933 15962 15961
22935 15933 15934 15963 15962
22936 15934 15935 15964 15963
22937 15935 15936 15965 15964
22938 15936 15937 15966 15965
22939 15937 15938 15967 15966
22940 15938 15939 15968 15967
22941 15939 15940 15969 15968
22942 15940 15941 15970 15969
22943 15941 15942 15971 15970
22944 15942 15943 15972 15971
22945 15943 15944 15973 15972
22946 15944 15945 15974 15973
22947 15945 15946 15975 15974
22948 15946 15947 15976 15975
22949 15947 15948 15977 15976
22950 15948 15949 15978 15977
22951 15949 15950 15979 15978
22952 15950 15951 15980 15979
22953 15951 15952 15981 15980
22954 15952 15953 15982 15981
22955 15953 15954 15983 15982
22956 15954 15955 15984 15983
22957 15955 15956 15985 15984
22958 15956 15957 15986 15985
22959 15957 15958 15987 15986
22960 15958 14895 14934 15987
23241 14895 15958 25981 25980
23242 15958 15957 25982 25981
23243 15957 15956 25983 25982
23244 15956 15955 25984 25983
23245 15955 15954 25985 25984
23246 15954 15953 25986 25985
23247 15953 15952 25987 25986
23248 15952 15951 25988 25987
23249 15951 15950 25989 25988
23250 15950 15949 25990 25989
23251 15949 15948 25991 25990
23252 15948 15947 25992 25991
23253 15947 15946 25993 25992
23254 15946 15945 25994 25993
23255 15945 15944 25995 25994
23256 15944 15943 25996 25995
23257 15943 15942 25997 25996
23258 15942 15941 25998 25997
23259 15941 15940 25999 25998
23260 15940 15939 26000 25999
23261 15939 15938 26001 26000
23262 15938 15937 26002 26001
23263 15937 15936 26003 26002
23264 15936 15935 26004 26003
23265 15935 15934 26005 26004
23266 15934 15933 26006 26005
23267 15933 15932 26007 26006
23268 15932 15931 26008 26007
23269 15931 15930 26009 26008
23270 15930 15561 25943 26009
24396 25980 25981 26010 25979
24397 25981 25982 26011 26010
24398 25982 25983 26012 26011
24399 25983 25984 26013 26012
24400 25984 25985 26014 26013
24401 25985 25986 26015 26014
24402 25986 25987 26016 26015
24403 25987 25988 26017 26016
24404 25988 25989 26018 26017
24405 25989 25990 26019 26018
24406 25990 25991 26020 26019
24407 25991 25992 26021 26020
24408 25992 25993 26022 26021
24409 25993 25994 26023 26022
24410 25994 25995 26024 26023
24411 25995 25996 26025 26024
24412 25996 25997 26026 26025
24413 25997 25998 26027 26026
24414 25998 25999 26028 26027
24415 25999 26000 26029 26028
24416 26000 26001 26030 26029
24417 26001 26002 26031 26030
24418 26002 26003 26032 26031
24419 26003 26004 26033 26032
24420 26004 26005 26034 26033
24421 26005 26006 26035 26034
24422 26006 26007 26036 26035
24423 26007 26008 26037 26036
24424 26008 26009 26038 26037
24425 26009 25943 25942 26038
25551 25979 26010 26039 25978
25552 26010 26011 26040 26039
25553 26011 26012 26041 26040
25554 26012 26013 26042 26041
25555 26013 26014 26043 26042
25556 26014 26015 26044 26043
25557 26015 26016 26045 26044
25558 26016 26017 26046 26045
25559 26017 26018 26047 26046
25560 26018 26019 26048 26047
25561 26019 26020 26049 26048
25562 26020 26021 26050 26049
25563 26021 26022 26051 26050
25564 26022 26023 26052 26051
25565 26023 26024 26053 26052
25566 26024 26025 26054 26053
25567 26025 26026 26055 26054
25568 26026 26027 26056 26055
25569 26027 26028 26057 26056
25570 26028 26029 26058 26057
25571 26029 26030 26059 26058
25572 26030 26031 26060 26059
25573 26031 26032 26061 26060
25574 26032 26033 26062 26061
25575 26033 26034 26063 26062
25576 26034 26035 26064 26063
25577 26035 26036 26065 26064
25578 26036 26037 26066 26065
25579 26037 26038 26067 26066
25580 26038 25942 25941 26067
26706 25978 26039 26068 25977
26707 26039 26040 26069 26068
26708 26040 26041 26070 26069
26709 26041 26042 26071 26070
26710 26042 26043 26072 26071
26711 26043 26044 26073 26072
26712 26044 26045 26074 26073
26713 26045 26046 26075 26074
26714 26046 26047 26076 26075
26715 26047 26048 26077 26076
26716 26048 26049 26078 26077
26717 26049 26050 26079 26078
26718 26050 26051 26080 26079
26719 26051 26052 26081 26080
26720 26052 26053 26082 26081
26721 26053 26054 26083 26082
26722 26054 26055 26084 26083
26723 26055 26056 26085 26084
26724 26056 26057 26086 26085
26725 26057 26058 26087 26086
26726 26058 26059 26088 26087
26727 26059 26060 26089 26088
26728 26060 26061 26090 26089
26729 26061 26062 26091 26090
26730 26062 26063 26092 26091
26731 26063 26064 26093 26092
26732 26064 26065 26094 26093
26733 26065 26066 26095 26094
26734 26066 26067 26096 26095
26735 26067 25941 25940 26096
27861 25977 26068 26097 25976
27862 26068 26069 26098 26097
27863 26069 26070 26099 26098
27864 26070 26071 26100 26099
27865 26071 26072 26101 26100
27866 26072 26073 26102 26101
27867 26073 26074 26103 26102
27868 26074 26075 26104 26103
27869 26075 26076 26105 26104
27870 26076 26077 26106 26105
27871 26077 26078 26107 26106
27872 26078 26079 26108 26107
27873 26079 26080 26109 26108
27874 26080 26081 26110 26109
27875 26081 26082 26111 26110
27876 26082 26083 26112 26111
27877 26083 26084 26113 26112
27878 26084 26085 26114 26113
27879 26085 26086 26115 26114
27880 26086 26087 26116 26115
27881 26087 26088 26117 26116
27882 26088 26089 26118 26117
27883 26089 26090 26119 26118
27884 26090 26091 26120 26119
27885 26091 26092 26121 26120
27886 26092 26093 26122 26121
27887 26093 26094 26123 26122
27888 26094 26095 26124 26123
27889 26095 26096 26125 26124
27890 26096 25940 25939 26125
29016 25976 26097 26126 25975
29017 26097 26098 26127 26126
29018 26098 26099 26128 26127
29019 26099 26100 26129 26128
29020 26100 26101 26130 26129
29021 26101 26102 26131 26130
29022 26102 26103 26132 26131
29023 26103 26104 26133 26132
29024 26104 26105 26134 26133
29025 26105 26106 26135 26134
29026 26106 26107 26136 26135
29027 26107 26108 26137 26136
29028 26108 26109 26138 26137
29029 26109 26110 26139 26138
29030 26110 26111 26140 26139
29031 26111 26112 26141 26140
29032 26112 26113 26142 26141
29033 26113 26114 26143 26142
29034 26114 26115 26144 26143
29035 26115 26116 26145 26144
29036 26116 26117 26146 26145
29037 26117 26118 26147 26146
29038 26118 26119 26148 26147
29039 26119 26120 26149 26148
29040 26120 26121 26150 26149
29041 26121 26122 26151 26150
29042 26122 26123 26152 26151
29043 26123 26124 26153 26152
29044 26124 26125 26154 26153
29045 26125 25939 25938 26154
30171 25975 26126 26155 25974
30172 26126 26127 26156 26155
30173 26127 26128 26157 26156
30174 26128 26129 26158 26157
30175 26129 26130 26159 26158
30176 26130 26131 26160 26159
30177 26131 26132 26161 26160
30178 26132 26133 26162 26161
30179 26133 26134 26163 26162
30180 26134 26135 26164 26163
30181 26135 26136 26165 26164
30182 26136 26137 26166 26165
30183 26137 26138 26167 26166
30184 26138 26139 26168 26167
30185 26139 26140 26169 26168
30186 26140 26141 26170 26169
30187 26141 26142 26171 26170
30188 26142 26143 26172 26171
30189 26143 26144 26173 26172
30190 26144 26145 26174 26173
30191 26145 26146 26175 26174
30192 26146 26147 26176 26175
30193 26147 26148 26177 26176
30194 26148 26149 26178 26177
30195 26149 26150 26179 26178
30196 26150 26151 26180 26179
30197 26151 26152 26181 26180
30198 26152 26153 26182 26181
30199 26153 26154 26183 26182
30200 26154 25938 25937 26183
31326 25974 26155 25973 25944
31327 26155 26156 25972 25973
31328 26156 26157 25971 25972
31329 26157 26158 25970 25971
31330 26158 26159 25969 25970
31331 26159 26160 25968 25969
31332 26160 26161 25967 25968
31333 26161 26162 25966 25967
31334 26162 26163 25965 25966
31335 26163 26164 25964 25965
31336 26164 26165 25963 25964
31337 26165 26166 25962 25963
31338 26166 26167 25961 25962
31339 26167 26168 25960 25961
31340 26168 26169 25959 25960
31341 26169 26170 25958 25959
31342 26170 26171 25957 25958
31343 26171 26172 25956 25957
31344 26172 26173 25955 25956
31345 26173 26174 25954 25955
31346 26174 26175 25953 25954
31347 26175 26176 25952 25953
31348 26176 26177 25951 25952
31349 26177 26178 25950 25951
31350 26178 26179 25949 25950
31351 26179 26180 25948 25949
31352 26180 26181 25947 25948
31353 26181 26182 25946 25947
31354 26182 26183 25945 25946
31355 26183 25937 25936 25945
