       882
1689 122 123 3722 2798
1690 123 124 3723 3722
1691 124 125 3724 3723
1692 125 126 3725 3724
1693 126 127 3726 3725
1694 127 128 3727 3726
1695 128 129 3728 3727
1696 129 130 3729 3728
1697 130 131 3730 3729
1698 131 132 3731 3730
1699 132 133 3732 3731
1700 133 134 3733 3732
1701 134 135 3734 3733
1702 135 136 3735 3734
1703 136 137 3736 3735
1704 137 138 3737 3736
1705 138 139 3738 3737
1706 139 140 3739 3738
1707 140 141 3740 3739
1708 141 142 3741 3740
1709 142 143 3742 3741
1710 143 144 3743 3742
1711 144 145 3744 3743
1712 145 146 3745 3744
1713 146 147 3746 3745
1714 147 148 3747 3746
1715 148 149 3748 3747
1716 149 150 3749 3748
1717 150 151 3750 3749
1718 151 152 3751 3750
1719 152 153 3752 3751
1720 153 154 3753 3752
1721 154 155 3754 3753
1722 155 156 3755 3754
1723 156 157 3756 3755
1724 157 158 3757 3756
1725 158 159 3758 3757
1726 159 160 3759 3758
1727 160 161 3760 3759
1728 161 162 3761 3760
1729 162 163 3762 3761
1730 163 80 3680 3762
3461 2798 3722 3763 2797
3462 3722 3723 3764 3763
3463 3723 3724 3765 3764
3464 3724 3725 3766 3765
3465 3725 3726 3767 3766
3466 3726 3727 3768 3767
3467 3727 3728 3769 3768
3468 3728 3729 3770 3769
3469 3729 3730 3771 3770
3470 3730 3731 3772 3771
3471 3731 3732 3773 3772
3472 3732 3733 3774 3773
3473 3733 3734 3775 3774
3474 3734 3735 3776 3775
3475 3735 3736 3777 3776
3476 3736 3737 3778 3777
3477 3737 3738 3779 3778
3478 3738 3739 3780 3779
3479 3739 3740 3781 3780
3480 3740 3741 3782 3781
3481 3741 3742 3783 3782
3482 3742 3743 3784 3783
3483 3743 3744 3785 3784
3484 3744 3745 3786 3785
3485 3745 3746 3787 3786
3486 3746 3747 3788 3787
3487 3747 3748 3789 3788
3488 3748 3749 3790 3789
3489 3749 3750 3791 3790
3490 3750 3751 3792 3791
3491 3751 3752 3793 3792
3492 3752 3753 3794 3793
3493 3753 3754 3795 3794
3494 3754 3755 3796 3795
3495 3755 3756 3797 3796
3496 3756 3757 3798 3797
3497 3757 3758 3799 3798
3498 3758 3759 3800 3799
3499 3759 3760 3801 3800
3500 3760 3761 3802 3801
3501 3761 3762 3803 3802
3502 3762 3680 3679 3803
5233 2797 3763 3804 2796
5234 3763 3764 3805 3804
5235 3764 3765 3806 3805
5236 3765 3766 3807 3806
5237 3766 3767 3808 3807
5238 3767 3768 3809 3808
5239 3768 3769 3810 3809
5240 3769 3770 3811 3810
5241 3770 3771 3812 3811
5242 3771 3772 3813 3812
5243 3772 3773 3814 3813
5244 3773 3774 3815 3814
5245 3774 3775 3816 3815
5246 3775 3776 3817 3816
5247 3776 3777 3818 3817
5248 3777 3778 3819 3818
5249 3778 3779 3820 3819
5250 3779 3780 3821 3820
5251 3780 3781 3822 3821
5252 3781 3782 3823 3822
5253 3782 3783 3824 3823
5254 3783 3784 3825 3824
5255 3784 3785 3826 3825
5256 3785 3786 3827 3826
5257 3786 3787 3828 3827
5258 3787 3788 3829 3828
5259 3788 3789 3830 3829
5260 3789 3790 3831 3830
5261 3790 3791 3832 3831
5262 3791 3792 3833 3832
5263 3792 3793 3834 3833
5264 3793 3794 3835 3834
5265 3794 3795 3836 3835
5266 3795 3796 3837 3836
5267 3796 3797 3838 3837
5268 3797 3798 3839 3838
5269 3798 3799 3840 3839
5270 3799 3800 3841 3840
5271 3800 3801 3842 3841
5272 3801 3802 3843 3842
5273 3802 3803 3844 3843
5274 3803 3679 3678 3844
7005 2796 3804 3845 2795
7006 3804 3805 3846 3845
7007 3805 3806 3847 3846
7008 3806 3807 3848 3847
7009 3807 3808 3849 3848
7010 3808 3809 3850 3849
7011 3809 3810 3851 3850
7012 3810 3811 3852 3851
7013 3811 3812 3853 3852
7014 3812 3813 3854 3853
7015 3813 3814 3855 3854
7016 3814 3815 3856 3855
7017 3815 3816 3857 3856
7018 3816 3817 3858 3857
7019 3817 3818 3859 3858
7020 3818 3819 3860 3859
7021 3819 3820 3861 3860
7022 3820 3821 3862 3861
7023 3821 3822 3863 3862
7024 3822 3823 3864 3863
7025 3823 3824 3865 3864
7026 3824 3825 3866 3865
7027 3825 3826 3867 3866
7028 3826 3827 3868 3867
7029 3827 3828 3869 3868
7030 3828 3829 3870 3869
7031 3829 3830 3871 3870
7032 3830 3831 3872 3871
7033 3831 3832 3873 3872
7034 3832 3833 3874 3873
7035 3833 3834 3875 3874
7036 3834 3835 3876 3875
7037 3835 3836 3877 3876
7038 3836 3837 3878 3877
7039 3837 3838 3879 3878
7040 3838 3839 3880 3879
7041 3839 3840 3881 3880
7042 3840 3841 3882 3881
7043 3841 3842 3883 3882
7044 3842 3843 3884 3883
7045 3843 3844 3885 3884
7046 3844 3678 3677 3885
8777 2795 3845 3886 2794
8778 3845 3846 3887 3886
8779 3846 3847 3888 3887
8780 3847 3848 3889 3888
8781 3848 3849 3890 3889
8782 3849 3850 3891 3890
8783 3850 3851 3892 3891
8784 3851 3852 3893 3892
8785 3852 3853 3894 3893
8786 3853 3854 3895 3894
8787 3854 3855 3896 3895
8788 3855 3856 3897 3896
8789 3856 3857 3898 3897
8790 3857 3858 3899 3898
8791 3858 3859 3900 3899
8792 3859 3860 3901 3900
8793 3860 3861 3902 3901
8794 3861 3862 3903 3902
8795 3862 3863 3904 3903
8796 3863 3864 3905 3904
8797 3864 3865 3906 3905
8798 3865 3866 3907 3906
8799 3866 3867 3908 3907
8800 3867 3868 3909 3908
8801 3868 3869 3910 3909
8802 3869 3870 3911 3910
8803 3870 3871 3912 3911
8804 3871 3872 3913 3912
8805 3872 3873 3914 3913
8806 3873 3874 3915 3914
8807 3874 3875 3916 3915
8808 3875 3876 3917 3916
8809 3876 3877 3918 3917
8810 3877 3878 3919 3918
8811 3878 3879 3920 3919
8812 3879 3880 3921 3920
8813 3880 3881 3922 3921
8814 3881 3882 3923 3922
8815 3882 3883 3924 3923
8816 3883 3884 3925 3924
8817 3884 3885 3926 3925
8818 3885 3677 3676 3926
10549 2794 3886 3927 2793
10550 3886 3887 3928 3927
10551 3887 3888 3929 3928
10552 3888 3889 3930 3929
10553 3889 3890 3931 3930
10554 3890 3891 3932 3931
10555 3891 3892 3933 3932
10556 3892 3893 3934 3933
10557 3893 3894 3935 3934
10558 3894 3895 3936 3935
10559 3895 3896 3937 3936
10560 3896 3897 3938 3937
10561 3897 3898 3939 3938
10562 3898 3899 3940 3939
10563 3899 3900 3941 3940
10564 3900 3901 3942 3941
10565 3901 3902 3943 3942
10566 3902 3903 3944 3943
10567 3903 3904 3945 3944
10568 3904 3905 3946 3945
10569 3905 3906 3947 3946
10570 3906 3907 3948 3947
10571 3907 3908 3949 3948
10572 3908 3909 3950 3949
10573 3909 3910 3951 3950
10574 3910 3911 3952 3951
10575 3911 3912 3953 3952
10576 3912 3913 3954 3953
10577 3913 3914 3955 3954
10578 3914 3915 3956 3955
10579 3915 3916 3957 3956
10580 3916 3917 3958 3957
10581 3917 3918 3959 3958
10582 3918 3919 3960 3959
10583 3919 3920 3961 3960
10584 3920 3921 3962 3961
10585 3921 3922 3963 3962
10586 3922 3923 3964 3963
10587 3923 3924 3965 3964
10588 3924 3925 3966 3965
10589 3925 3926 3967 3966
10590 3926 3676 3675 3967
12321 2793 3927 3968 2792
12322 3927 3928 3969 3968
12323 3928 3929 3970 3969
12324 3929 3930 3971 3970
12325 3930 3931 3972 3971
12326 3931 3932 3973 3972
12327 3932 3933 3974 3973
12328 3933 3934 3975 3974
12329 3934 3935 3976 3975
12330 3935 3936 3977 3976
12331 3936 3937 3978 3977
12332 3937 3938 3979 3978
12333 3938 3939 3980 3979
12334 3939 3940 3981 3980
12335 3940 3941 3982 3981
12336 3941 3942 3983 3982
12337 3942 3943 3984 3983
12338 3943 3944 3985 3984
12339 3944 3945 3986 3985
12340 3945 3946 3987 3986
12341 3946 3947 3988 3987
12342 3947 3948 3989 3988
12343 3948 3949 3990 3989
12344 3949 3950 3991 3990
12345 3950 3951 3992 3991
12346 3951 3952 3993 3992
12347 3952 3953 3994 3993
12348 3953 3954 3995 3994
12349 3954 3955 3996 3995
12350 3955 3956 3997 3996
12351 3956 3957 3998 3997
12352 3957 3958 3999 3998
12353 3958 3959 4000 3999
12354 3959 3960 4001 4000
12355 3960 3961 4002 4001
12356 3961 3962 4003 4002
12357 3962 3963 4004 4003
12358 3963 3964 4005 4004
12359 3964 3965 4006 4005
12360 3965 3966 4007 4006
12361 3966 3967 4008 4007
12362 3967 3675 3674 4008
14093 2792 3968 4009 2791
14094 3968 3969 4010 4009
14095 3969 3970 4011 4010
14096 3970 3971 4012 4011
14097 3971 3972 4013 4012
14098 3972 3973 4014 4013
14099 3973 3974 4015 4014
14100 3974 3975 4016 4015
14101 3975 3976 4017 4016
14102 3976 3977 4018 4017
14103 3977 3978 4019 4018
14104 3978 3979 4020 4019
14105 3979 3980 4021 4020
14106 3980 3981 4022 4021
14107 3981 3982 4023 4022
14108 3982 3983 4024 4023
14109 3983 3984 4025 4024
14110 3984 3985 4026 4025
14111 3985 3986 4027 4026
14112 3986 3987 4028 4027
14113 3987 3988 4029 4028
14114 3988 3989 4030 4029
14115 3989 3990 4031 4030
14116 3990 3991 4032 4031
14117 3991 3992 4033 4032
14118 3992 3993 4034 4033
14119 3993 3994 4035 4034
14120 3994 3995 4036 4035
14121 3995 3996 4037 4036
14122 3996 3997 4038 4037
14123 3997 3998 4039 4038
14124 3998 3999 4040 4039
14125 3999 4000 4041 4040
14126 4000 4001 4042 4041
14127 4001 4002 4043 4042
14128 4002 4003 4044 4043
14129 4003 4004 4045 4044
14130 4004 4005 4046 4045
14131 4005 4006 4047 4046
14132 4006 4007 4048 4047
14133 4007 4008 4049 4048
14134 4008 3674 3673 4049
15865 2791 4009 4050 2790
15866 4009 4010 4051 4050
15867 4010 4011 4052 4051
15868 4011 4012 4053 4052
15869 4012 4013 4054 4053
15870 4013 4014 4055 4054
15871 4014 4015 4056 4055
15872 4015 4016 4057 4056
15873 4016 4017 4058 4057
15874 4017 4018 4059 4058
15875 4018 4019 4060 4059
15876 4019 4020 4061 4060
15877 4020 4021 4062 4061
15878 4021 4022 4063 4062
15879 4022 4023 4064 4063
15880 4023 4024 4065 4064
15881 4024 4025 4066 4065
15882 4025 4026 4067 4066
15883 4026 4027 4068 4067
15884 4027 4028 4069 4068
15885 4028 4029 4070 4069
15886 4029 4030 4071 4070
15887 4030 4031 4072 4071
15888 4031 4032 4073 4072
15889 4032 4033 4074 4073
15890 4033 4034 4075 4074
15891 4034 4035 4076 4075
15892 4035 4036 4077 4076
15893 4036 4037 4078 4077
15894 4037 4038 4079 4078
15895 4038 4039 4080 4079
15896 4039 4040 4081 4080
15897 4040 4041 4082 4081
15898 4041 4042 4083 4082
15899 4042 4043 4084 4083
15900 4043 4044 4085 4084
15901 4044 4045 4086 4085
15902 4045 4046 4087 4086
15903 4046 4047 4088 4087
15904 4047 4048 4089 4088
15905 4048 4049 4090 4089
15906 4049 3673 3672 4090
17637 2790 4050 4091 2789
17638 4050 4051 4092 4091
17639 4051 4052 4093 4092
17640 4052 4053 4094 4093
17641 4053 4054 4095 4094
17642 4054 4055 4096 4095
17643 4055 4056 4097 4096
17644 4056 4057 4098 4097
17645 4057 4058 4099 4098
17646 4058 4059 4100 4099
17647 4059 4060 4101 4100
17648 4060 4061 4102 4101
17649 4061 4062 4103 4102
17650 4062 4063 4104 4103
17651 4063 4064 4105 4104
17652 4064 4065 4106 4105
17653 4065 4066 4107 4106
17654 4066 4067 4108 4107
17655 4067 4068 4109 4108
17656 4068 4069 4110 4109
17657 4069 4070 4111 4110
17658 4070 4071 4112 4111
17659 4071 4072 4113 4112
17660 4072 4073 4114 4113
17661 4073 4074 4115 4114
17662 4074 4075 4116 4115
17663 4075 4076 4117 4116
17664 4076 4077 4118 4117
17665 4077 4078 4119 4118
17666 4078 4079 4120 4119
17667 4079 4080 4121 4120
17668 4080 4081 4122 4121
17669 4081 4082 4123 4122
17670 4082 4083 4124 4123
17671 4083 4084 4125 4124
17672 4084 4085 4126 4125
17673 4085 4086 4127 4126
17674 4086 4087 4128 4127
17675 4087 4088 4129 4128
17676 4088 4089 4130 4129
17677 4089 4090 4131 4130
17678 4090 3672 3671 4131
19409 2789 4091 4132 2788
19410 4091 4092 4133 4132
19411 4092 4093 4134 4133
19412 4093 4094 4135 4134
19413 4094 4095 4136 4135
19414 4095 4096 4137 4136
19415 4096 4097 4138 4137
19416 4097 4098 4139 4138
19417 4098 4099 4140 4139
19418 4099 4100 4141 4140
19419 4100 4101 4142 4141
19420 4101 4102 4143 4142
19421 4102 4103 4144 4143
19422 4103 4104 4145 4144
19423 4104 4105 4146 4145
19424 4105 4106 4147 4146
19425 4106 4107 4148 4147
19426 4107 4108 4149 4148
19427 4108 4109 4150 4149
19428 4109 4110 4151 4150
19429 4110 4111 4152 4151
19430 4111 4112 4153 4152
19431 4112 4113 4154 4153
19432 4113 4114 4155 4154
19433 4114 4115 4156 4155
19434 4115 4116 4157 4156
19435 4116 4117 4158 4157
19436 4117 4118 4159 4158
19437 4118 4119 4160 4159
19438 4119 4120 4161 4160
19439 4120 4121 4162 4161
19440 4121 4122 4163 4162
19441 4122 4123 4164 4163
19442 4123 4124 4165 4164
19443 4124 4125 4166 4165
19444 4125 4126 4167 4166
19445 4126 4127 4168 4167
19446 4127 4128 4169 4168
19447 4128 4129 4170 4169
19448 4129 4130 4171 4170
19449 4130 4131 4172 4171
19450 4131 3671 3670 4172
21181 2788 4132 4173 2787
21182 4132 4133 4174 4173
21183 4133 4134 4175 4174
21184 4134 4135 4176 4175
21185 4135 4136 4177 4176
21186 4136 4137 4178 4177
21187 4137 4138 4179 4178
21188 4138 4139 4180 4179
21189 4139 4140 4181 4180
21190 4140 4141 4182 4181
21191 4141 4142 4183 4182
21192 4142 4143 4184 4183
21193 4143 4144 4185 4184
21194 4144 4145 4186 4185
21195 4145 4146 4187 4186
21196 4146 4147 4188 4187
21197 4147 4148 4189 4188
21198 4148 4149 4190 4189
21199 4149 4150 4191 4190
21200 4150 4151 4192 4191
21201 4151 4152 4193 4192
21202 4152 4153 4194 4193
21203 4153 4154 4195 4194
21204 4154 4155 4196 4195
21205 4155 4156 4197 4196
21206 4156 4157 4198 4197
21207 4157 4158 4199 4198
21208 4158 4159 4200 4199
21209 4159 4160 4201 4200
21210 4160 4161 4202 4201
21211 4161 4162 4203 4202
21212 4162 4163 4204 4203
21213 4163 4164 4205 4204
21214 4164 4165 4206 4205
21215 4165 4166 4207 4206
21216 4166 4167 4208 4207
21217 4167 4168 4209 4208
21218 4168 4169 4210 4209
21219 4169 4170 4211 4210
21220 4170 4171 4212 4211
21221 4171 4172 4213 4212
21222 4172 3670 3669 4213
22953 2787 4173 4214 2786
22954 4173 4174 4215 4214
22955 4174 4175 4216 4215
22956 4175 4176 4217 4216
22957 4176 4177 4218 4217
22958 4177 4178 4219 4218
22959 4178 4179 4220 4219
22960 4179 4180 4221 4220
22961 4180 4181 4222 4221
22962 4181 4182 4223 4222
22963 4182 4183 4224 4223
22964 4183 4184 4225 4224
22965 4184 4185 4226 4225
22966 4185 4186 4227 4226
22967 4186 4187 4228 4227
22968 4187 4188 4229 4228
22969 4188 4189 4230 4229
22970 4189 4190 4231 4230
22971 4190 4191 4232 4231
22972 4191 4192 4233 4232
22973 4192 4193 4234 4233
22974 4193 4194 4235 4234
22975 4194 4195 4236 4235
22976 4195 4196 4237 4236
22977 4196 4197 4238 4237
22978 4197 4198 4239 4238
22979 4198 4199 4240 4239
22980 4199 4200 4241 4240
22981 4200 4201 4242 4241
22982 4201 4202 4243 4242
22983 4202 4203 4244 4243
22984 4203 4204 4245 4244
22985 4204 4205 4246 4245
22986 4205 4206 4247 4246
22987 4206 4207 4248 4247
22988 4207 4208 4249 4248
22989 4208 4209 4250 4249
22990 4209 4210 4251 4250
22991 4210 4211 4252 4251
22992 4211 4212 4253 4252
22993 4212 4213 4254 4253
22994 4213 3669 3668 4254
24725 2786 4214 4255 2785
24726 4214 4215 4256 4255
24727 4215 4216 4257 4256
24728 4216 4217 4258 4257
24729 4217 4218 4259 4258
24730 4218 4219 4260 4259
24731 4219 4220 4261 4260
24732 4220 4221 4262 4261
24733 4221 4222 4263 4262
24734 4222 4223 4264 4263
24735 4223 4224 4265 4264
24736 4224 4225 4266 4265
24737 4225 4226 4267 4266
24738 4226 4227 4268 4267
24739 4227 4228 4269 4268
24740 4228 4229 4270 4269
24741 4229 4230 4271 4270
24742 4230 4231 4272 4271
24743 4231 4232 4273 4272
24744 4232 4233 4274 4273
24745 4233 4234 4275 4274
24746 4234 4235 4276 4275
24747 4235 4236 4277 4276
24748 4236 4237 4278 4277
24749 4237 4238 4279 4278
24750 4238 4239 4280 4279
24751 4239 4240 4281 4280
24752 4240 4241 4282 4281
24753 4241 4242 4283 4282
24754 4242 4243 4284 4283
24755 4243 4244 4285 4284
24756 4244 4245 4286 4285
24757 4245 4246 4287 4286
24758 4246 4247 4288 4287
24759 4247 4248 4289 4288
24760 4248 4249 4290 4289
24761 4249 4250 4291 4290
24762 4250 4251 4292 4291
24763 4251 4252 4293 4292
24764 4252 4253 4294 4293
24765 4253 4254 4295 4294
24766 4254 3668 3667 4295
26497 2785 4255 4296 2784
26498 4255 4256 4297 4296
26499 4256 4257 4298 4297
26500 4257 4258 4299 4298
26501 4258 4259 4300 4299
26502 4259 4260 4301 4300
26503 4260 4261 4302 4301
26504 4261 4262 4303 4302
26505 4262 4263 4304 4303
26506 4263 4264 4305 4304
26507 4264 4265 4306 4305
26508 4265 4266 4307 4306
26509 4266 4267 4308 4307
26510 4267 4268 4309 4308
26511 4268 4269 4310 4309
26512 4269 4270 4311 4310
26513 4270 4271 4312 4311
26514 4271 4272 4313 4312
26515 4272 4273 4314 4313
26516 4273 4274 4315 4314
26517 4274 4275 4316 4315
26518 4275 4276 4317 4316
26519 4276 4277 4318 4317
26520 4277 4278 4319 4318
26521 4278 4279 4320 4319
26522 4279 4280 4321 4320
26523 4280 4281 4322 4321
26524 4281 4282 4323 4322
26525 4282 4283 4324 4323
26526 4283 4284 4325 4324
26527 4284 4285 4326 4325
26528 4285 4286 4327 4326
26529 4286 4287 4328 4327
26530 4287 4288 4329 4328
26531 4288 4289 4330 4329
26532 4289 4290 4331 4330
26533 4290 4291 4332 4331
26534 4291 4292 4333 4332
26535 4292 4293 4334 4333
26536 4293 4294 4335 4334
26537 4294 4295 4336 4335
26538 4295 3667 3666 4336
28269 2784 4296 4337 2783
28270 4296 4297 4338 4337
28271 4297 4298 4339 4338
28272 4298 4299 4340 4339
28273 4299 4300 4341 4340
28274 4300 4301 4342 4341
28275 4301 4302 4343 4342
28276 4302 4303 4344 4343
28277 4303 4304 4345 4344
28278 4304 4305 4346 4345
28279 4305 4306 4347 4346
28280 4306 4307 4348 4347
28281 4307 4308 4349 4348
28282 4308 4309 4350 4349
28283 4309 4310 4351 4350
28284 4310 4311 4352 4351
28285 4311 4312 4353 4352
28286 4312 4313 4354 4353
28287 4313 4314 4355 4354
28288 4314 4315 4356 4355
28289 4315 4316 4357 4356
28290 4316 4317 4358 4357
28291 4317 4318 4359 4358
28292 4318 4319 4360 4359
28293 4319 4320 4361 4360
28294 4320 4321 4362 4361
28295 4321 4322 4363 4362
28296 4322 4323 4364 4363
28297 4323 4324 4365 4364
28298 4324 4325 4366 4365
28299 4325 4326 4367 4366
28300 4326 4327 4368 4367
28301 4327 4328 4369 4368
28302 4328 4329 4370 4369
28303 4329 4330 4371 4370
28304 4330 4331 4372 4371
28305 4331 4332 4373 4372
28306 4332 4333 4374 4373
28307 4333 4334 4375 4374
28308 4334 4335 4376 4375
28309 4335 4336 4377 4376
28310 4336 3666 3665 4377
30041 2783 4337 4378 2782
30042 4337 4338 4379 4378
30043 4338 4339 4380 4379
30044 4339 4340 4381 4380
30045 4340 4341 4382 4381
30046 4341 4342 4383 4382
30047 4342 4343 4384 4383
30048 4343 4344 4385 4384
30049 4344 4345 4386 4385
30050 4345 4346 4387 4386
30051 4346 4347 4388 4387
30052 4347 4348 4389 4388
30053 4348 4349 4390 4389
30054 4349 4350 4391 4390
30055 4350 4351 4392 4391
30056 4351 4352 4393 4392
30057 4352 4353 4394 4393
30058 4353 4354 4395 4394
30059 4354 4355 4396 4395
30060 4355 4356 4397 4396
30061 4356 4357 4398 4397
30062 4357 4358 4399 4398
30063 4358 4359 4400 4399
30064 4359 4360 4401 4400
30065 4360 4361 4402 4401
30066 4361 4362 4403 4402
30067 4362 4363 4404 4403
30068 4363 4364 4405 4404
30069 4364 4365 4406 4405
30070 4365 4366 4407 4406
30071 4366 4367 4408 4407
30072 4367 4368 4409 4408
30073 4368 4369 4410 4409
30074 4369 4370 4411 4410
30075 4370 4371 4412 4411
30076 4371 4372 4413 4412
30077 4372 4373 4414 4413
30078 4373 4374 4415 4414
30079 4374 4375 4416 4415
30080 4375 4376 4417 4416
30081 4376 4377 4418 4417
30082 4377 3665 3664 4418
31813 2782 4378 4419 2781
31814 4378 4379 4420 4419
31815 4379 4380 4421 4420
31816 4380 4381 4422 4421
31817 4381 4382 4423 4422
31818 4382 4383 4424 4423
31819 4383 4384 4425 4424
31820 4384 4385 4426 4425
31821 4385 4386 4427 4426
31822 4386 4387 4428 4427
31823 4387 4388 4429 4428
31824 4388 4389 4430 4429
31825 4389 4390 4431 4430
31826 4390 4391 4432 4431
31827 4391 4392 4433 4432
31828 4392 4393 4434 4433
31829 4393 4394 4435 4434
31830 4394 4395 4436 4435
31831 4395 4396 4437 4436
31832 4396 4397 4438 4437
31833 4397 4398 4439 4438
31834 4398 4399 4440 4439
31835 4399 4400 4441 4440
31836 4400 4401 4442 4441
31837 4401 4402 4443 4442
31838 4402 4403 4444 4443
31839 4403 4404 4445 4444
31840 4404 4405 4446 4445
31841 4405 4406 4447 4446
31842 4406 4407 4448 4447
31843 4407 4408 4449 4448
31844 4408 4409 4450 4449
31845 4409 4410 4451 4450
31846 4410 4411 4452 4451
31847 4411 4412 4453 4452
31848 4412 4413 4454 4453
31849 4413 4414 4455 4454
31850 4414 4415 4456 4455
31851 4415 4416 4457 4456
31852 4416 4417 4458 4457
31853 4417 4418 4459 4458
31854 4418 3664 3663 4459
33585 2781 4419 4460 2780
33586 4419 4420 4461 4460
33587 4420 4421 4462 4461
33588 4421 4422 4463 4462
33589 4422 4423 4464 4463
33590 4423 4424 4465 4464
33591 4424 4425 4466 4465
33592 4425 4426 4467 4466
33593 4426 4427 4468 4467
33594 4427 4428 4469 4468
33595 4428 4429 4470 4469
33596 4429 4430 4471 4470
33597 4430 4431 4472 4471
33598 4431 4432 4473 4472
33599 4432 4433 4474 4473
33600 4433 4434 4475 4474
33601 4434 4435 4476 4475
33602 4435 4436 4477 4476
33603 4436 4437 4478 4477
33604 4437 4438 4479 4478
33605 4438 4439 4480 4479
33606 4439 4440 4481 4480
33607 4440 4441 4482 4481
33608 4441 4442 4483 4482
33609 4442 4443 4484 4483
33610 4443 4444 4485 4484
33611 4444 4445 4486 4485
33612 4445 4446 4487 4486
33613 4446 4447 4488 4487
33614 4447 4448 4489 4488
33615 4448 4449 4490 4489
33616 4449 4450 4491 4490
33617 4450 4451 4492 4491
33618 4451 4452 4493 4492
33619 4452 4453 4494 4493
33620 4453 4454 4495 4494
33621 4454 4455 4496 4495
33622 4455 4456 4497 4496
33623 4456 4457 4498 4497
33624 4457 4458 4499 4498
33625 4458 4459 4500 4499
33626 4459 3663 3662 4500
35357 2780 4460 4501 2779
35358 4460 4461 4502 4501
35359 4461 4462 4503 4502
35360 4462 4463 4504 4503
35361 4463 4464 4505 4504
35362 4464 4465 4506 4505
35363 4465 4466 4507 4506
35364 4466 4467 4508 4507
35365 4467 4468 4509 4508
35366 4468 4469 4510 4509
35367 4469 4470 4511 4510
35368 4470 4471 4512 4511
35369 4471 4472 4513 4512
35370 4472 4473 4514 4513
35371 4473 4474 4515 4514
35372 4474 4475 4516 4515
35373 4475 4476 4517 4516
35374 4476 4477 4518 4517
35375 4477 4478 4519 4518
35376 4478 4479 4520 4519
35377 4479 4480 4521 4520
35378 4480 4481 4522 4521
35379 4481 4482 4523 4522
35380 4482 4483 4524 4523
35381 4483 4484 4525 4524
35382 4484 4485 4526 4525
35383 4485 4486 4527 4526
35384 4486 4487 4528 4527
35385 4487 4488 4529 4528
35386 4488 4489 4530 4529
35387 4489 4490 4531 4530
35388 4490 4491 4532 4531
35389 4491 4492 4533 4532
35390 4492 4493 4534 4533
35391 4493 4494 4535 4534
35392 4494 4495 4536 4535
35393 4495 4496 4537 4536
35394 4496 4497 4538 4537
35395 4497 4498 4539 4538
35396 4498 4499 4540 4539
35397 4499 4500 4541 4540
35398 4500 3662 3661 4541
37129 2779 4501 3681 2778
37130 4501 4502 3682 3681
37131 4502 4503 3683 3682
37132 4503 4504 3684 3683
37133 4504 4505 3685 3684
37134 4505 4506 3686 3685
37135 4506 4507 3687 3686
37136 4507 4508 3688 3687
37137 4508 4509 3689 3688
37138 4509 4510 3690 3689
37139 4510 4511 3691 3690
37140 4511 4512 3692 3691
37141 4512 4513 3693 3692
37142 4513 4514 3694 3693
37143 4514 4515 3695 3694
37144 4515 4516 3696 3695
37145 4516 4517 3697 3696
37146 4517 4518 3698 3697
37147 4518 4519 3699 3698
37148 4519 4520 3700 3699
37149 4520 4521 3701 3700
37150 4521 4522 3702 3701
37151 4522 4523 3703 3702
37152 4523 4524 3704 3703
37153 4524 4525 3705 3704
37154 4525 4526 3706 3705
37155 4526 4527 3707 3706
37156 4527 4528 3708 3707
37157 4528 4529 3709 3708
37158 4529 4530 3710 3709
37159 4530 4531 3711 3710
37160 4531 4532 3712 3711
37161 4532 4533 3713 3712
37162 4533 4534 3714 3713
37163 4534 4535 3715 3714
37164 4535 4536 3716 3715
37165 4536 4537 3717 3716
37166 4537 4538 3718 3717
37167 4538 4539 3719 3718
37168 4539 4540 3720 3719
37169 4540 4541 3721 3720
37170 4541 3661 3660 3721
