       882
1609 164 165 2841 2840
1610 165 166 2842 2841
1611 166 167 2843 2842
1612 167 168 2844 2843
1613 168 169 2845 2844
1614 169 170 2846 2845
1615 170 171 2847 2846
1616 171 172 2848 2847
1617 172 173 2849 2848
1618 173 174 2850 2849
1619 174 175 2851 2850
1620 175 176 2852 2851
1621 176 177 2853 2852
1622 177 178 2854 2853
1623 178 179 2855 2854
1624 179 180 2856 2855
1625 180 181 2857 2856
1626 181 182 2858 2857
1627 182 183 2859 2858
1628 183 184 2860 2859
1629 184 185 2861 2860
1630 185 186 2862 2861
1631 186 187 2863 2862
1632 187 188 2864 2863
1633 188 189 2865 2864
1634 189 190 2866 2865
1635 190 191 2867 2866
1636 191 192 2868 2867
1637 192 193 2869 2868
1638 193 194 2870 2869
1639 194 195 2871 2870
1640 195 196 2872 2871
1641 196 197 2873 2872
1642 197 198 2874 2873
1643 198 199 2875 2874
1644 199 200 2876 2875
1645 200 201 2877 2876
1646 201 202 2878 2877
1647 202 203 2879 2878
1648 203 204 2880 2879
1689 204 122 2798 2880
1772 38 164 2840 1895
3381 2840 2841 2882 2881
3382 2841 2842 2883 2882
3383 2842 2843 2884 2883
3384 2843 2844 2885 2884
3385 2844 2845 2886 2885
3386 2845 2846 2887 2886
3387 2846 2847 2888 2887
3388 2847 2848 2889 2888
3389 2848 2849 2890 2889
3390 2849 2850 2891 2890
3391 2850 2851 2892 2891
3392 2851 2852 2893 2892
3393 2852 2853 2894 2893
3394 2853 2854 2895 2894
3395 2854 2855 2896 2895
3396 2855 2856 2897 2896
3397 2856 2857 2898 2897
3398 2857 2858 2899 2898
3399 2858 2859 2900 2899
3400 2859 2860 2901 2900
3401 2860 2861 2902 2901
3402 2861 2862 2903 2902
3403 2862 2863 2904 2903
3404 2863 2864 2905 2904
3405 2864 2865 2906 2905
3406 2865 2866 2907 2906
3407 2866 2867 2908 2907
3408 2867 2868 2909 2908
3409 2868 2869 2910 2909
3410 2869 2870 2911 2910
3411 2870 2871 2912 2911
3412 2871 2872 2913 2912
3413 2872 2873 2914 2913
3414 2873 2874 2915 2914
3415 2874 2875 2916 2915
3416 2875 2876 2917 2916
3417 2876 2877 2918 2917
3418 2877 2878 2919 2918
3419 2878 2879 2920 2919
3420 2879 2880 2921 2920
3461 2880 2798 2797 2921
3544 1895 2840 2881 1894
5153 2881 2882 2923 2922
5154 2882 2883 2924 2923
5155 2883 2884 2925 2924
5156 2884 2885 2926 2925
5157 2885 2886 2927 2926
5158 2886 2887 2928 2927
5159 2887 2888 2929 2928
5160 2888 2889 2930 2929
5161 2889 2890 2931 2930
5162 2890 2891 2932 2931
5163 2891 2892 2933 2932
5164 2892 2893 2934 2933
5165 2893 2894 2935 2934
5166 2894 2895 2936 2935
5167 2895 2896 2937 2936
5168 2896 2897 2938 2937
5169 2897 2898 2939 2938
5170 2898 2899 2940 2939
5171 2899 2900 2941 2940
5172 2900 2901 2942 2941
5173 2901 2902 2943 2942
5174 2902 2903 2944 2943
5175 2903 2904 2945 2944
5176 2904 2905 2946 2945
5177 2905 2906 2947 2946
5178 2906 2907 2948 2947
5179 2907 2908 2949 2948
5180 2908 2909 2950 2949
5181 2909 2910 2951 2950
5182 2910 2911 2952 2951
5183 2911 2912 2953 2952
5184 2912 2913 2954 2953
5185 2913 2914 2955 2954
5186 2914 2915 2956 2955
5187 2915 2916 2957 2956
5188 2916 2917 2958 2957
5189 2917 2918 2959 2958
5190 2918 2919 2960 2959
5191 2919 2920 2961 2960
5192 2920 2921 2962 2961
5233 2921 2797 2796 2962
5316 1894 2881 2922 1893
6925 2922 2923 2964 2963
6926 2923 2924 2965 2964
6927 2924 2925 2966 2965
6928 2925 2926 2967 2966
6929 2926 2927 2968 2967
6930 2927 2928 2969 2968
6931 2928 2929 2970 2969
6932 2929 2930 2971 2970
6933 2930 2931 2972 2971
6934 2931 2932 2973 2972
6935 2932 2933 2974 2973
6936 2933 2934 2975 2974
6937 2934 2935 2976 2975
6938 2935 2936 2977 2976
6939 2936 2937 2978 2977
6940 2937 2938 2979 2978
6941 2938 2939 2980 2979
6942 2939 2940 2981 2980
6943 2940 2941 2982 2981
6944 2941 2942 2983 2982
6945 2942 2943 2984 2983
6946 2943 2944 2985 2984
6947 2944 2945 2986 2985
6948 2945 2946 2987 2986
6949 2946 2947 2988 2987
6950 2947 2948 2989 2988
6951 2948 2949 2990 2989
6952 2949 2950 2991 2990
6953 2950 2951 2992 2991
6954 2951 2952 2993 2992
6955 2952 2953 2994 2993
6956 2953 2954 2995 2994
6957 2954 2955 2996 2995
6958 2955 2956 2997 2996
6959 2956 2957 2998 2997
6960 2957 2958 2999 2998
6961 2958 2959 3000 2999
6962 2959 2960 3001 3000
6963 2960 2961 3002 3001
6964 2961 2962 3003 3002
7005 2962 2796 2795 3003
7088 1893 2922 2963 1892
8697 2963 2964 3005 3004
8698 2964 2965 3006 3005
8699 2965 2966 3007 3006
8700 2966 2967 3008 3007
8701 2967 2968 3009 3008
8702 2968 2969 3010 3009
8703 2969 2970 3011 3010
8704 2970 2971 3012 3011
8705 2971 2972 3013 3012
8706 2972 2973 3014 3013
8707 2973 2974 3015 3014
8708 2974 2975 3016 3015
8709 2975 2976 3017 3016
8710 2976 2977 3018 3017
8711 2977 2978 3019 3018
8712 2978 2979 3020 3019
8713 2979 2980 3021 3020
8714 2980 2981 3022 3021
8715 2981 2982 3023 3022
8716 2982 2983 3024 3023
8717 2983 2984 3025 3024
8718 2984 2985 3026 3025
8719 2985 2986 3027 3026
8720 2986 2987 3028 3027
8721 2987 2988 3029 3028
8722 2988 2989 3030 3029
8723 2989 2990 3031 3030
8724 2990 2991 3032 3031
8725 2991 2992 3033 3032
8726 2992 2993 3034 3033
8727 2993 2994 3035 3034
8728 2994 2995 3036 3035
8729 2995 2996 3037 3036
8730 2996 2997 3038 3037
8731 2997 2998 3039 3038
8732 2998 2999 3040 3039
8733 2999 3000 3041 3040
8734 3000 3001 3042 3041
8735 3001 3002 3043 3042
8736 3002 3003 3044 3043
8777 3003 2795 2794 3044
8860 1892 2963 3004 1891
10469 3004 3005 3046 3045
10470 3005 3006 3047 3046
10471 3006 3007 3048 3047
10472 3007 3008 3049 3048
10473 3008 3009 3050 3049
10474 3009 3010 3051 3050
10475 3010 3011 3052 3051
10476 3011 3012 3053 3052
10477 3012 3013 3054 3053
10478 3013 3014 3055 3054
10479 3014 3015 3056 3055
10480 3015 3016 3057 3056
10481 3016 3017 3058 3057
10482 3017 3018 3059 3058
10483 3018 3019 3060 3059
10484 3019 3020 3061 3060
10485 3020 3021 3062 3061
10486 3021 3022 3063 3062
10487 3022 3023 3064 3063
10488 3023 3024 3065 3064
10489 3024 3025 3066 3065
10490 3025 3026 3067 3066
10491 3026 3027 3068 3067
10492 3027 3028 3069 3068
10493 3028 3029 3070 3069
10494 3029 3030 3071 3070
10495 3030 3031 3072 3071
10496 3031 3032 3073 3072
10497 3032 3033 3074 3073
10498 3033 3034 3075 3074
10499 3034 3035 3076 3075
10500 3035 3036 3077 3076
10501 3036 3037 3078 3077
10502 3037 3038 3079 3078
10503 3038 3039 3080 3079
10504 3039 3040 3081 3080
10505 3040 3041 3082 3081
10506 3041 3042 3083 3082
10507 3042 3043 3084 3083
10508 3043 3044 3085 3084
10549 3044 2794 2793 3085
10632 1891 3004 3045 1890
12241 3045 3046 3087 3086
12242 3046 3047 3088 3087
12243 3047 3048 3089 3088
12244 3048 3049 3090 3089
12245 3049 3050 3091 3090
12246 3050 3051 3092 3091
12247 3051 3052 3093 3092
12248 3052 3053 3094 3093
12249 3053 3054 3095 3094
12250 3054 3055 3096 3095
12251 3055 3056 3097 3096
12252 3056 3057 3098 3097
12253 3057 3058 3099 3098
12254 3058 3059 3100 3099
12255 3059 3060 3101 3100
12256 3060 3061 3102 3101
12257 3061 3062 3103 3102
12258 3062 3063 3104 3103
12259 3063 3064 3105 3104
12260 3064 3065 3106 3105
12261 3065 3066 3107 3106
12262 3066 3067 3108 3107
12263 3067 3068 3109 3108
12264 3068 3069 3110 3109
12265 3069 3070 3111 3110
12266 3070 3071 3112 3111
12267 3071 3072 3113 3112
12268 3072 3073 3114 3113
12269 3073 3074 3115 3114
12270 3074 3075 3116 3115
12271 3075 3076 3117 3116
12272 3076 3077 3118 3117
12273 3077 3078 3119 3118
12274 3078 3079 3120 3119
12275 3079 3080 3121 3120
12276 3080 3081 3122 3121
12277 3081 3082 3123 3122
12278 3082 3083 3124 3123
12279 3083 3084 3125 3124
12280 3084 3085 3126 3125
12321 3085 2793 2792 3126
12404 1890 3045 3086 1889
14013 3086 3087 3128 3127
14014 3087 3088 3129 3128
14015 3088 3089 3130 3129
14016 3089 3090 3131 3130
14017 3090 3091 3132 3131
14018 3091 3092 3133 3132
14019 3092 3093 3134 3133
14020 3093 3094 3135 3134
14021 3094 3095 3136 3135
14022 3095 3096 3137 3136
14023 3096 3097 3138 3137
14024 3097 3098 3139 3138
14025 3098 3099 3140 3139
14026 3099 3100 3141 3140
14027 3100 3101 3142 3141
14028 3101 3102 3143 3142
14029 3102 3103 3144 3143
14030 3103 3104 3145 3144
14031 3104 3105 3146 3145
14032 3105 3106 3147 3146
14033 3106 3107 3148 3147
14034 3107 3108 3149 3148
14035 3108 3109 3150 3149
14036 3109 3110 3151 3150
14037 3110 3111 3152 3151
14038 3111 3112 3153 3152
14039 3112 3113 3154 3153
14040 3113 3114 3155 3154
14041 3114 3115 3156 3155
14042 3115 3116 3157 3156
14043 3116 3117 3158 3157
14044 3117 3118 3159 3158
14045 3118 3119 3160 3159
14046 3119 3120 3161 3160
14047 3120 3121 3162 3161
14048 3121 3122 3163 3162
14049 3122 3123 3164 3163
14050 3123 3124 3165 3164
14051 3124 3125 3166 3165
14052 3125 3126 3167 3166
14093 3126 2792 2791 3167
14176 1889 3086 3127 1888
15785 3127 3128 3169 3168
15786 3128 3129 3170 3169
15787 3129 3130 3171 3170
15788 3130 3131 3172 3171
15789 3131 3132 3173 3172
15790 3132 3133 3174 3173
15791 3133 3134 3175 3174
15792 3134 3135 3176 3175
15793 3135 3136 3177 3176
15794 3136 3137 3178 3177
15795 3137 3138 3179 3178
15796 3138 3139 3180 3179
15797 3139 3140 3181 3180
15798 3140 3141 3182 3181
15799 3141 3142 3183 3182
15800 3142 3143 3184 3183
15801 3143 3144 3185 3184
15802 3144 3145 3186 3185
15803 3145 3146 3187 3186
15804 3146 3147 3188 3187
15805 3147 3148 3189 3188
15806 3148 3149 3190 3189
15807 3149 3150 3191 3190
15808 3150 3151 3192 3191
15809 3151 3152 3193 3192
15810 3152 3153 3194 3193
15811 3153 3154 3195 3194
15812 3154 3155 3196 3195
15813 3155 3156 3197 3196
15814 3156 3157 3198 3197
15815 3157 3158 3199 3198
15816 3158 3159 3200 3199
15817 3159 3160 3201 3200
15818 3160 3161 3202 3201
15819 3161 3162 3203 3202
15820 3162 3163 3204 3203
15821 3163 3164 3205 3204
15822 3164 3165 3206 3205
15823 3165 3166 3207 3206
15824 3166 3167 3208 3207
15865 3167 2791 2790 3208
15948 1888 3127 3168 1887
17557 3168 3169 3210 3209
17558 3169 3170 3211 3210
17559 3170 3171 3212 3211
17560 3171 3172 3213 3212
17561 3172 3173 3214 3213
17562 3173 3174 3215 3214
17563 3174 3175 3216 3215
17564 3175 3176 3217 3216
17565 3176 3177 3218 3217
17566 3177 3178 3219 3218
17567 3178 3179 3220 3219
17568 3179 3180 3221 3220
17569 3180 3181 3222 3221
17570 3181 3182 3223 3222
17571 3182 3183 3224 3223
17572 3183 3184 3225 3224
17573 3184 3185 3226 3225
17574 3185 3186 3227 3226
17575 3186 3187 3228 3227
17576 3187 3188 3229 3228
17577 3188 3189 3230 3229
17578 3189 3190 3231 3230
17579 3190 3191 3232 3231
17580 3191 3192 3233 3232
17581 3192 3193 3234 3233
17582 3193 3194 3235 3234
17583 3194 3195 3236 3235
17584 3195 3196 3237 3236
17585 3196 3197 3238 3237
17586 3197 3198 3239 3238
17587 3198 3199 3240 3239
17588 3199 3200 3241 3240
17589 3200 3201 3242 3241
17590 3201 3202 3243 3242
17591 3202 3203 3244 3243
17592 3203 3204 3245 3244
17593 3204 3205 3246 3245
17594 3205 3206 3247 3246
17595 3206 3207 3248 3247
17596 3207 3208 3249 3248
17637 3208 2790 2789 3249
17720 1887 3168 3209 1886
19329 3209 3210 3251 3250
19330 3210 3211 3252 3251
19331 3211 3212 3253 3252
19332 3212 3213 3254 3253
19333 3213 3214 3255 3254
19334 3214 3215 3256 3255
19335 3215 3216 3257 3256
19336 3216 3217 3258 3257
19337 3217 3218 3259 3258
19338 3218 3219 3260 3259
19339 3219 3220 3261 3260
19340 3220 3221 3262 3261
19341 3221 3222 3263 3262
19342 3222 3223 3264 3263
19343 3223 3224 3265 3264
19344 3224 3225 3266 3265
19345 3225 3226 3267 3266
19346 3226 3227 3268 3267
19347 3227 3228 3269 3268
19348 3228 3229 3270 3269
19349 3229 3230 3271 3270
19350 3230 3231 3272 3271
19351 3231 3232 3273 3272
19352 3232 3233 3274 3273
19353 3233 3234 3275 3274
19354 3234 3235 3276 3275
19355 3235 3236 3277 3276
19356 3236 3237 3278 3277
19357 3237 3238 3279 3278
19358 3238 3239 3280 3279
19359 3239 3240 3281 3280
19360 3240 3241 3282 3281
19361 3241 3242 3283 3282
19362 3242 3243 3284 3283
19363 3243 3244 3285 3284
19364 3244 3245 3286 3285
19365 3245 3246 3287 3286
19366 3246 3247 3288 3287
19367 3247 3248 3289 3288
19368 3248 3249 3290 3289
19409 3249 2789 2788 3290
19492 1886 3209 3250 1885
21101 3250 3251 3292 3291
21102 3251 3252 3293 3292
21103 3252 3253 3294 3293
21104 3253 3254 3295 3294
21105 3254 3255 3296 3295
21106 3255 3256 3297 3296
21107 3256 3257 3298 3297
21108 3257 3258 3299 3298
21109 3258 3259 3300 3299
21110 3259 3260 3301 3300
21111 3260 3261 3302 3301
21112 3261 3262 3303 3302
21113 3262 3263 3304 3303
21114 3263 3264 3305 3304
21115 3264 3265 3306 3305
21116 3265 3266 3307 3306
21117 3266 3267 3308 3307
21118 3267 3268 3309 3308
21119 3268 3269 3310 3309
21120 3269 3270 3311 3310
21121 3270 3271 3312 3311
21122 3271 3272 3313 3312
21123 3272 3273 3314 3313
21124 3273 3274 3315 3314
21125 3274 3275 3316 3315
21126 3275 3276 3317 3316
21127 3276 3277 3318 3317
21128 3277 3278 3319 3318
21129 3278 3279 3320 3319
21130 3279 3280 3321 3320
21131 3280 3281 3322 3321
21132 3281 3282 3323 3322
21133 3282 3283 3324 3323
21134 3283 3284 3325 3324
21135 3284 3285 3326 3325
21136 3285 3286 3327 3326
21137 3286 3287 3328 3327
21138 3287 3288 3329 3328
21139 3288 3289 3330 3329
21140 3289 3290 3331 3330
21181 3290 2788 2787 3331
21264 1885 3250 3291 1884
22873 3291 3292 3333 3332
22874 3292 3293 3334 3333
22875 3293 3294 3335 3334
22876 3294 3295 3336 3335
22877 3295 3296 3337 3336
22878 3296 3297 3338 3337
22879 3297 3298 3339 3338
22880 3298 3299 3340 3339
22881 3299 3300 3341 3340
22882 3300 3301 3342 3341
22883 3301 3302 3343 3342
22884 3302 3303 3344 3343
22885 3303 3304 3345 3344
22886 3304 3305 3346 3345
22887 3305 3306 3347 3346
22888 3306 3307 3348 3347
22889 3307 3308 3349 3348
22890 3308 3309 3350 3349
22891 3309 3310 3351 3350
22892 3310 3311 3352 3351
22893 3311 3312 3353 3352
22894 3312 3313 3354 3353
22895 3313 3314 3355 3354
22896 3314 3315 3356 3355
22897 3315 3316 3357 3356
22898 3316 3317 3358 3357
22899 3317 3318 3359 3358
22900 3318 3319 3360 3359
22901 3319 3320 3361 3360
22902 3320 3321 3362 3361
22903 3321 3322 3363 3362
22904 3322 3323 3364 3363
22905 3323 3324 3365 3364
22906 3324 3325 3366 3365
22907 3325 3326 3367 3366
22908 3326 3327 3368 3367
22909 3327 3328 3369 3368
22910 3328 3329 3370 3369
22911 3329 3330 3371 3370
22912 3330 3331 3372 3371
22953 3331 2787 2786 3372
23036 1884 3291 3332 1883
24645 3332 3333 3374 3373
24646 3333 3334 3375 3374
24647 3334 3335 3376 3375
24648 3335 3336 3377 3376
24649 3336 3337 3378 3377
24650 3337 3338 3379 3378
24651 3338 3339 3380 3379
24652 3339 3340 3381 3380
24653 3340 3341 3382 3381
24654 3341 3342 3383 3382
24655 3342 3343 3384 3383
24656 3343 3344 3385 3384
24657 3344 3345 3386 3385
24658 3345 3346 3387 3386
24659 3346 3347 3388 3387
24660 3347 3348 3389 3388
24661 3348 3349 3390 3389
24662 3349 3350 3391 3390
24663 3350 3351 3392 3391
24664 3351 3352 3393 3392
24665 3352 3353 3394 3393
24666 3353 3354 3395 3394
24667 3354 3355 3396 3395
24668 3355 3356 3397 3396
24669 3356 3357 3398 3397
24670 3357 3358 3399 3398
24671 3358 3359 3400 3399
24672 3359 3360 3401 3400
24673 3360 3361 3402 3401
24674 3361 3362 3403 3402
24675 3362 3363 3404 3403
24676 3363 3364 3405 3404
24677 3364 3365 3406 3405
24678 3365 3366 3407 3406
24679 3366 3367 3408 3407
24680 3367 3368 3409 3408
24681 3368 3369 3410 3409
24682 3369 3370 3411 3410
24683 3370 3371 3412 3411
24684 3371 3372 3413 3412
24725 3372 2786 2785 3413
24808 1883 3332 3373 1882
26417 3373 3374 3415 3414
26418 3374 3375 3416 3415
26419 3375 3376 3417 3416
26420 3376 3377 3418 3417
26421 3377 3378 3419 3418
26422 3378 3379 3420 3419
26423 3379 3380 3421 3420
26424 3380 3381 3422 3421
26425 3381 3382 3423 3422
26426 3382 3383 3424 3423
26427 3383 3384 3425 3424
26428 3384 3385 3426 3425
26429 3385 3386 3427 3426
26430 3386 3387 3428 3427
26431 3387 3388 3429 3428
26432 3388 3389 3430 3429
26433 3389 3390 3431 3430
26434 3390 3391 3432 3431
26435 3391 3392 3433 3432
26436 3392 3393 3434 3433
26437 3393 3394 3435 3434
26438 3394 3395 3436 3435
26439 3395 3396 3437 3436
26440 3396 3397 3438 3437
26441 3397 3398 3439 3438
26442 3398 3399 3440 3439
26443 3399 3400 3441 3440
26444 3400 3401 3442 3441
26445 3401 3402 3443 3442
26446 3402 3403 3444 3443
26447 3403 3404 3445 3444
26448 3404 3405 3446 3445
26449 3405 3406 3447 3446
26450 3406 3407 3448 3447
26451 3407 3408 3449 3448
26452 3408 3409 3450 3449
26453 3409 3410 3451 3450
26454 3410 3411 3452 3451
26455 3411 3412 3453 3452
26456 3412 3413 3454 3453
26497 3413 2785 2784 3454
26580 1882 3373 3414 1881
28189 3414 3415 3456 3455
28190 3415 3416 3457 3456
28191 3416 3417 3458 3457
28192 3417 3418 3459 3458
28193 3418 3419 3460 3459
28194 3419 3420 3461 3460
28195 3420 3421 3462 3461
28196 3421 3422 3463 3462
28197 3422 3423 3464 3463
28198 3423 3424 3465 3464
28199 3424 3425 3466 3465
28200 3425 3426 3467 3466
28201 3426 3427 3468 3467
28202 3427 3428 3469 3468
28203 3428 3429 3470 3469
28204 3429 3430 3471 3470
28205 3430 3431 3472 3471
28206 3431 3432 3473 3472
28207 3432 3433 3474 3473
28208 3433 3434 3475 3474
28209 3434 3435 3476 3475
28210 3435 3436 3477 3476
28211 3436 3437 3478 3477
28212 3437 3438 3479 3478
28213 3438 3439 3480 3479
28214 3439 3440 3481 3480
28215 3440 3441 3482 3481
28216 3441 3442 3483 3482
28217 3442 3443 3484 3483
28218 3443 3444 3485 3484
28219 3444 3445 3486 3485
28220 3445 3446 3487 3486
28221 3446 3447 3488 3487
28222 3447 3448 3489 3488
28223 3448 3449 3490 3489
28224 3449 3450 3491 3490
28225 3450 3451 3492 3491
28226 3451 3452 3493 3492
28227 3452 3453 3494 3493
28228 3453 3454 3495 3494
28269 3454 2784 2783 3495
28352 1881 3414 3455 1880
29961 3455 3456 3497 3496
29962 3456 3457 3498 3497
29963 3457 3458 3499 3498
29964 3458 3459 3500 3499
29965 3459 3460 3501 3500
29966 3460 3461 3502 3501
29967 3461 3462 3503 3502
29968 3462 3463 3504 3503
29969 3463 3464 3505 3504
29970 3464 3465 3506 3505
29971 3465 3466 3507 3506
29972 3466 3467 3508 3507
29973 3467 3468 3509 3508
29974 3468 3469 3510 3509
29975 3469 3470 3511 3510
29976 3470 3471 3512 3511
29977 3471 3472 3513 3512
29978 3472 3473 3514 3513
29979 3473 3474 3515 3514
29980 3474 3475 3516 3515
29981 3475 3476 3517 3516
29982 3476 3477 3518 3517
29983 3477 3478 3519 3518
29984 3478 3479 3520 3519
29985 3479 3480 3521 3520
29986 3480 3481 3522 3521
29987 3481 3482 3523 3522
29988 3482 3483 3524 3523
29989 3483 3484 3525 3524
29990 3484 3485 3526 3525
29991 3485 3486 3527 3526
29992 3486 3487 3528 3527
29993 3487 3488 3529 3528
29994 3488 3489 3530 3529
29995 3489 3490 3531 3530
29996 3490 3491 3532 3531
29997 3491 3492 3533 3532
29998 3492 3493 3534 3533
29999 3493 3494 3535 3534
30000 3494 3495 3536 3535
30041 3495 2783 2782 3536
30124 1880 3455 3496 1879
31733 3496 3497 3538 3537
31734 3497 3498 3539 3538
31735 3498 3499 3540 3539
31736 3499 3500 3541 3540
31737 3500 3501 3542 3541
31738 3501 3502 3543 3542
31739 3502 3503 3544 3543
31740 3503 3504 3545 3544
31741 3504 3505 3546 3545
31742 3505 3506 3547 3546
31743 3506 3507 3548 3547
31744 3507 3508 3549 3548
31745 3508 3509 3550 3549
31746 3509 3510 3551 3550
31747 3510 3511 3552 3551
31748 3511 3512 3553 3552
31749 3512 3513 3554 3553
31750 3513 3514 3555 3554
31751 3514 3515 3556 3555
31752 3515 3516 3557 3556
31753 3516 3517 3558 3557
31754 3517 3518 3559 3558
31755 3518 3519 3560 3559
31756 3519 3520 3561 3560
31757 3520 3521 3562 3561
31758 3521 3522 3563 3562
31759 3522 3523 3564 3563
31760 3523 3524 3565 3564
31761 3524 3525 3566 3565
31762 3525 3526 3567 3566
31763 3526 3527 3568 3567
31764 3527 3528 3569 3568
31765 3528 3529 3570 3569
31766 3529 3530 3571 3570
31767 3530 3531 3572 3571
31768 3531 3532 3573 3572
31769 3532 3533 3574 3573
31770 3533 3534 3575 3574
31771 3534 3535 3576 3575
31772 3535 3536 3577 3576
31813 3536 2782 2781 3577
31896 1879 3496 3537 1878
33505 3537 3538 3579 3578
33506 3538 3539 3580 3579
33507 3539 3540 3581 3580
33508 3540 3541 3582 3581
33509 3541 3542 3583 3582
33510 3542 3543 3584 3583
33511 3543 3544 3585 3584
33512 3544 3545 3586 3585
33513 3545 3546 3587 3586
33514 3546 3547 3588 3587
33515 3547 3548 3589 3588
33516 3548 3549 3590 3589
33517 3549 3550 3591 3590
33518 3550 3551 3592 3591
33519 3551 3552 3593 3592
33520 3552 3553 3594 3593
33521 3553 3554 3595 3594
33522 3554 3555 3596 3595
33523 3555 3556 3597 3596
33524 3556 3557 3598 3597
33525 3557 3558 3599 3598
33526 3558 3559 3600 3599
33527 3559 3560 3601 3600
33528 3560 3561 3602 3601
33529 3561 3562 3603 3602
33530 3562 3563 3604 3603
33531 3563 3564 3605 3604
33532 3564 3565 3606 3605
33533 3565 3566 3607 3606
33534 3566 3567 3608 3607
33535 3567 3568 3609 3608
33536 3568 3569 3610 3609
33537 3569 3570 3611 3610
33538 3570 3571 3612 3611
33539 3571 3572 3613 3612
33540 3572 3573 3614 3613
33541 3573 3574 3615 3614
33542 3574 3575 3616 3615
33543 3575 3576 3617 3616
33544 3576 3577 3618 3617
33585 3577 2781 2780 3618
33668 1878 3537 3578 1877
35277 3578 3579 3620 3619
35278 3579 3580 3621 3620
35279 3580 3581 3622 3621
35280 3581 3582 3623 3622
35281 3582 3583 3624 3623
35282 3583 3584 3625 3624
35283 3584 3585 3626 3625
35284 3585 3586 3627 3626
35285 3586 3587 3628 3627
35286 3587 3588 3629 3628
35287 3588 3589 3630 3629
35288 3589 3590 3631 3630
35289 3590 3591 3632 3631
35290 3591 3592 3633 3632
35291 3592 3593 3634 3633
35292 3593 3594 3635 3634
35293 3594 3595 3636 3635
35294 3595 3596 3637 3636
35295 3596 3597 3638 3637
35296 3597 3598 3639 3638
35297 3598 3599 3640 3639
35298 3599 3600 3641 3640
35299 3600 3601 3642 3641
35300 3601 3602 3643 3642
35301 3602 3603 3644 3643
35302 3603 3604 3645 3644
35303 3604 3605 3646 3645
35304 3605 3606 3647 3646
35305 3606 3607 3648 3647
35306 3607 3608 3649 3648
35307 3608 3609 3650 3649
35308 3609 3610 3651 3650
35309 3610 3611 3652 3651
35310 3611 3612 3653 3652
35311 3612 3613 3654 3653
35312 3613 3614 3655 3654
35313 3614 3615 3656 3655
35314 3615 3616 3657 3656
35315 3616 3617 3658 3657
35316 3617 3618 3659 3658
35357 3618 2780 2779 3659
35440 1877 3578 3619 1876
37049 3619 3620 2800 2799
37050 3620 3621 2801 2800
37051 3621 3622 2802 2801
37052 3622 3623 2803 2802
37053 3623 3624 2804 2803
37054 3624 3625 2805 2804
37055 3625 3626 2806 2805
37056 3626 3627 2807 2806
37057 3627 3628 2808 2807
37058 3628 3629 2809 2808
37059 3629 3630 2810 2809
37060 3630 3631 2811 2810
37061 3631 3632 2812 2811
37062 3632 3633 2813 2812
37063 3633 3634 2814 2813
37064 3634 3635 2815 2814
37065 3635 3636 2816 2815
37066 3636 3637 2817 2816
37067 3637 3638 2818 2817
37068 3638 3639 2819 2818
37069 3639 3640 2820 2819
37070 3640 3641 2821 2820
37071 3641 3642 2822 2821
37072 3642 3643 2823 2822
37073 3643 3644 2824 2823
37074 3644 3645 2825 2824
37075 3645 3646 2826 2825
37076 3646 3647 2827 2826
37077 3647 3648 2828 2827
37078 3648 3649 2829 2828
37079 3649 3650 2830 2829
37080 3650 3651 2831 2830
37081 3651 3652 2832 2831
37082 3652 3653 2833 2832
37083 3653 3654 2834 2833
37084 3654 3655 2835 2834
37085 3655 3656 2836 2835
37086 3656 3657 2837 2836
37087 3657 3658 2838 2837
37088 3658 3659 2839 2838
37129 3659 2779 2778 2839
37212 1876 3619 2799 1875
