      1772
1 1834 1830 1874 1833
2 1828 1829 1836 1837
3 1852 1808 1788 1789
4 1838 1827 1828 1837
5 1855 1806 1807 1854
6 1839 1826 1827 1838
7 1805 1806 1855 1856
8 1825 1826 1839 1840
9 1857 1804 1805 1856
10 1841 1824 1825 1840
11 1858 1803 1804 1857
12 1842 1823 1824 1841
13 1802 1803 1858 1859
14 1822 1823 1842 1843
15 1860 1801 1802 1859
16 1844 1821 1822 1843
17 1861 1800 1801 1860
18 1845 1820 1821 1844
19 1799 1800 1861 1862
20 1819 1820 1845 1846
21 1863 1798 1799 1862
22 1818 1819 1846 1847
23 1864 1797 1798 1863
24 1817 1818 1847 1848
25 1796 1797 1864 1865
26 1816 1817 1848 1849
27 1795 1796 1865 1866
28 1815 1816 1849 1850
29 1794 1795 1866 1867
30 1832 1833 1874 1873
31 1831 1832 1873 1872
32 1793 1794 1867 1868
33 1813 1814 1831 1872
34 1812 1813 1872 1873
35 1792 1793 1868 1869
36 1810 1811 1815 1850
37 1809 1810 1850 1851
38 1791 1792 1869 1870
39 1786 1787 1791 1870
40 1785 1786 1870 1871
41 1783 1784 1785 1871
42 1782 1783 1871 1870
43 1781 1782 1870 1869
44 1780 1781 1869 1868
45 1779 1780 1868 1867
46 1778 1779 1867 1866
47 1777 1778 1866 1865
48 1776 1777 1865 1864
49 1775 1776 1864 1863
50 1774 1775 1863 1862
51 1773 1774 1862 1861
52 1772 1773 1861 1860
53 1771 1772 1860 1859
54 1770 1771 1859 1858
55 1769 1770 1858 1857
56 1768 1769 1857 1856
57 1767 1768 1856 1855
58 1766 1767 1855 1854
59 1765 1766 1854 1853
60 1764 1765 1853 1852
61 1790 1764 1852 1789
62 1706 1707 1809 1851
63 1705 1706 1851 1850
64 1704 1705 1850 1849
65 1703 1704 1849 1848
66 1702 1703 1848 1847
67 1701 1702 1847 1846
68 1700 1701 1846 1845
69 1699 1700 1845 1844
70 1698 1699 1844 1843
71 1697 1698 1843 1842
72 1696 1697 1842 1841
73 1695 1696 1841 1840
74 1694 1695 1840 1839
75 1693 1694 1839 1838
76 1692 1693 1838 1837
77 1691 1692 1837 1836
78 1690 1691 1836 1835
79 1689 1690 1835 1834
80 1688 1689 1834 1833
81 1687 1688 1833 1832
82 1686 1687 1832 1831
83 1685 1686 1831 1814
84 1729 1730 1812 1873
85 1728 1729 1873 1874
86 1727 1728 1874 1830
87 1726 1727 1830 1834
88 1725 1726 1834 1835
89 1724 1725 1835 1836
90 1723 1724 1836 1829
91 1722 1723 1829 1828
92 1721 1722 1828 1827
93 1720 1721 1827 1826
94 1719 1720 1826 1825
95 1718 1719 1825 1824
96 1717 1718 1824 1823
97 1716 1717 1823 1822
98 1715 1716 1822 1821
99 1714 1715 1821 1820
100 1713 1714 1820 1819
101 1712 1713 1819 1818
102 1711 1712 1818 1817
103 1710 1711 1817 1816
104 1709 1710 1816 1815
105 1708 1709 1815 1811
106 1683 1684 1685 1814
107 1682 1683 1814 1813
108 1681 1682 1813 1812
109 1680 1681 1812 1730
110 1678 1679 1708 1811
111 1677 1678 1811 1810
112 1676 1677 1810 1809
113 1675 1676 1809 1707
114 1762 1763 1788 1808
115 1761 1762 1808 1852
116 1760 1761 1852 1853
117 1759 1760 1853 1854
118 1758 1759 1854 1807
119 1757 1758 1807 1806
120 1756 1757 1806 1805
121 1755 1756 1805 1804
122 1754 1755 1804 1803
123 1753 1754 1803 1802
124 1752 1753 1802 1801
125 1751 1752 1801 1800
126 1750 1751 1800 1799
127 1749 1750 1799 1798
128 1748 1749 1798 1797
129 1747 1748 1797 1796
130 1746 1747 1796 1795
131 1745 1746 1795 1794
132 1744 1745 1794 1793
133 1743 1744 1793 1792
134 1742 1743 1792 1791
135 1741 1742 1791 1787
136 1738 1739 1790 1789
137 1737 1738 1789 1788
138 1736 1737 1788 1763
139 1734 1735 1741 1787
140 1733 1734 1787 1786
141 1732 1733 1786 1785
142 1731 1732 1785 1784
143 1511 1512 1731 1784
144 1510 1511 1784 1783
145 1509 1510 1783 1782
146 1508 1509 1782 1781
147 1507 1508 1781 1780
148 1506 1507 1780 1779
149 1505 1506 1779 1778
150 1504 1505 1778 1777
151 1503 1504 1777 1776
152 1502 1503 1776 1775
153 1501 1502 1775 1774
154 1500 1501 1774 1773
155 1499 1500 1773 1772
156 1498 1499 1772 1771
157 1497 1498 1771 1770
158 1496 1497 1770 1769
159 1495 1496 1769 1768
160 1494 1495 1768 1767
161 1493 1494 1767 1766
162 1492 1493 1766 1765
163 1491 1492 1765 1764
164 1490 1491 1764 1790
165 1489 1490 1790 1739
166 1488 1489 1739 1740
167 1536 1537 1736 1763
168 1535 1536 1763 1762
169 1534 1535 1762 1761
170 1533 1534 1761 1760
171 1532 1533 1760 1759
172 1531 1532 1759 1758
173 1530 1531 1758 1757
174 1529 1530 1757 1756
175 1528 1529 1756 1755
176 1527 1528 1755 1754
177 1526 1527 1754 1753
178 1525 1526 1753 1752
179 1524 1525 1752 1751
180 1523 1524 1751 1750
181 1522 1523 1750 1749
182 1521 1522 1749 1748
183 1520 1521 1748 1747
184 1519 1520 1747 1746
185 1518 1519 1746 1745
186 1517 1518 1745 1744
187 1516 1517 1744 1743
188 1515 1516 1743 1742
189 1514 1515 1742 1741
190 1513 1514 1741 1735
191 1479 1480 1488 1740
192 1478 1479 1740 1739
193 1477 1478 1739 1738
194 1476 1477 1738 1737
195 1475 1476 1737 1736
196 1474 1475 1736 1537
197 1486 1487 1513 1735
198 1485 1486 1735 1734
199 1484 1485 1734 1733
200 1483 1484 1733 1732
201 1482 1483 1732 1731
202 1481 1482 1731 1512
203 1673 1674 1680 1730
204 1672 1673 1730 1729
205 1671 1672 1729 1728
206 1670 1671 1728 1727
207 1669 1670 1727 1726
208 1668 1669 1726 1725
209 1667 1668 1725 1724
210 1666 1667 1724 1723
211 1665 1666 1723 1722
212 1664 1665 1722 1721
213 1663 1664 1721 1720
214 1662 1663 1720 1719
215 1661 1662 1719 1718
216 1660 1661 1718 1717
217 1659 1660 1717 1716
218 1658 1659 1716 1715
219 1657 1658 1715 1714
220 1656 1657 1714 1713
221 1655 1656 1713 1712
222 1654 1655 1712 1711
223 1653 1654 1711 1710
224 1652 1653 1710 1709
225 1651 1652 1709 1708
226 1650 1651 1708 1679
227 1648 1649 1675 1707
228 1647 1648 1707 1706
229 1646 1647 1706 1705
230 1645 1646 1705 1704
231 1644 1645 1704 1703
232 1643 1644 1703 1702
233 1642 1643 1702 1701
234 1641 1642 1701 1700
235 1640 1641 1700 1699
236 1639 1640 1699 1698
237 1638 1639 1698 1697
238 1637 1638 1697 1696
239 1636 1637 1696 1695
240 1635 1636 1695 1694
241 1634 1635 1694 1693
242 1633 1634 1693 1692
243 1632 1633 1692 1691
244 1631 1632 1691 1690
245 1630 1631 1690 1689
246 1629 1630 1689 1688
247 1628 1629 1688 1687
248 1627 1628 1687 1686
249 1626 1627 1686 1685
250 1625 1626 1685 1684
251 1616 1617 1625 1684
252 1615 1616 1684 1683
253 1614 1615 1683 1682
254 1613 1614 1682 1681
255 1612 1613 1681 1680
256 1611 1612 1680 1674
257 1623 1624 1650 1679
258 1622 1623 1679 1678
259 1621 1622 1678 1677
260 1620 1621 1677 1676
261 1619 1620 1676 1675
262 1618 1619 1675 1649
263 1609 1610 1611 1674
264 1608 1609 1674 1673
265 1607 1608 1673 1672
266 1606 1607 1672 1671
267 1605 1606 1671 1670
268 1604 1605 1670 1669
269 1603 1604 1669 1668
270 1602 1603 1668 1667
271 1601 1602 1667 1666
272 1600 1601 1666 1665
273 1599 1600 1665 1664
274 1598 1599 1664 1663
275 1597 1598 1663 1662
276 1596 1597 1662 1661
277 1595 1596 1661 1660
278 1594 1595 1660 1659
279 1593 1594 1659 1658
280 1592 1593 1658 1657
281 1591 1592 1657 1656
282 1590 1591 1656 1655
283 1589 1590 1655 1654
284 1588 1589 1654 1653
285 1587 1588 1653 1652
286 1586 1587 1652 1651
287 1585 1586 1651 1650
288 1584 1585 1650 1624
289 1582 1583 1618 1649
290 1581 1582 1649 1648
291 1580 1581 1648 1647
292 1579 1580 1647 1646
293 1578 1579 1646 1645
294 1577 1578 1645 1644
295 1576 1577 1644 1643
296 1575 1576 1643 1642
297 1574 1575 1642 1641
298 1573 1574 1641 1640
299 1572 1573 1640 1639
300 1571 1572 1639 1638
301 1570 1571 1638 1637
302 1569 1570 1637 1636
303 1568 1569 1636 1635
304 1567 1568 1635 1634
305 1566 1567 1634 1633
306 1565 1566 1633 1632
307 1564 1565 1632 1631
308 1563 1564 1631 1630
309 1562 1563 1630 1629
310 1561 1562 1629 1628
311 1560 1561 1628 1627
312 1559 1560 1627 1626
313 1558 1559 1626 1625
314 1557 1558 1625 1617
315 1555 1556 1584 1624
316 1554 1555 1624 1623
317 1553 1554 1623 1622
318 1552 1553 1622 1621
319 1551 1552 1621 1620
320 1550 1551 1620 1619
321 1549 1550 1619 1618
322 1548 1549 1618 1583
323 1545 1546 1557 1617
324 1544 1545 1617 1616
325 1543 1544 1616 1615
326 1542 1543 1615 1614
327 1541 1542 1614 1613
328 1540 1541 1613 1612
329 1539 1540 1612 1611
330 1538 1539 1611 1610
331 1317 1318 1538 1610
332 1316 1317 1610 1609
333 1315 1316 1609 1608
334 1314 1315 1608 1607
335 1313 1314 1607 1606
336 1312 1313 1606 1605
337 1311 1312 1605 1604
338 1310 1311 1604 1603
339 1309 1310 1603 1602
340 1308 1309 1602 1601
341 1307 1308 1601 1600
342 1306 1307 1600 1599
343 1305 1306 1599 1598
344 1304 1305 1598 1597
345 1303 1304 1597 1596
346 1302 1303 1596 1595
347 1301 1302 1595 1594
348 1300 1301 1594 1593
349 1299 1300 1593 1592
350 1298 1299 1592 1591
351 1297 1298 1591 1590
352 1296 1297 1590 1589
353 1295 1296 1589 1588
354 1294 1295 1588 1587
355 1293 1294 1587 1586
356 1292 1293 1586 1585
357 1291 1292 1585 1584
358 1290 1291 1584 1556
359 1367 1368 1548 1583
360 1366 1367 1583 1582
361 1365 1366 1582 1581
362 1364 1365 1581 1580
363 1363 1364 1580 1579
364 1362 1363 1579 1578
365 1361 1362 1578 1577
366 1360 1361 1577 1576
367 1359 1360 1576 1575
368 1358 1359 1575 1574
369 1357 1358 1574 1573
370 1356 1357 1573 1572
371 1355 1356 1572 1571
372 1354 1355 1571 1570
373 1353 1354 1570 1569
374 1352 1353 1569 1568
375 1351 1352 1568 1567
376 1350 1351 1567 1566
377 1349 1350 1566 1565
378 1348 1349 1565 1564
379 1347 1348 1564 1563
380 1230 1347 1563 1562
381 1229 1230 1562 1561
382 1228 1229 1561 1560
383 1227 1228 1560 1559
384 1226 1227 1559 1558
385 1225 1226 1558 1557
386 1547 1225 1557 1546
387 1288 1289 1290 1556
388 1287 1288 1556 1555
389 1286 1287 1555 1554
390 1285 1286 1554 1553
391 1284 1285 1553 1552
392 1283 1284 1552 1551
393 1282 1283 1551 1550
394 1281 1282 1550 1549
395 1280 1281 1549 1548
396 1369 1280 1548 1368
397 1329 1330 1224 1547
398 1328 1329 1547 1546
399 1327 1328 1546 1545
400 1326 1327 1545 1544
401 1325 1326 1544 1543
402 1324 1325 1543 1542
403 1323 1324 1542 1541
404 1322 1323 1541 1540
405 1321 1322 1540 1539
406 1320 1321 1539 1538
407 1319 1320 1538 1318
408 1472 1473 1474 1537
409 1471 1472 1537 1536
410 1470 1471 1536 1535
411 1469 1470 1535 1534
412 1468 1469 1534 1533
413 1467 1468 1533 1532
414 1466 1467 1532 1531
415 1465 1466 1531 1530
416 1464 1465 1530 1529
417 1463 1464 1529 1528
418 1462 1463 1528 1527
419 1461 1462 1527 1526
420 1460 1461 1526 1525
421 1459 1460 1525 1524
422 1458 1459 1524 1523
423 1457 1458 1523 1522
424 1456 1457 1522 1521
425 1455 1456 1521 1520
426 1454 1455 1520 1519
427 1453 1454 1519 1518
428 1452 1453 1518 1517
429 1451 1452 1517 1516
430 1450 1451 1516 1515
431 1449 1450 1515 1514
432 1448 1449 1514 1513
433 1447 1448 1513 1487
434 1223 1224 1330 1331
435 1445 1446 1481 1512
436 1444 1445 1512 1511
437 1443 1444 1511 1510
438 1442 1443 1510 1509
439 1441 1442 1509 1508
440 1440 1441 1508 1507
441 1439 1440 1507 1506
442 1438 1439 1506 1505
443 1437 1438 1505 1504
444 1436 1437 1504 1503
445 1435 1436 1503 1502
446 1434 1435 1502 1501
447 1433 1434 1501 1500
448 1432 1433 1500 1499
449 1431 1432 1499 1498
450 1430 1431 1498 1497
451 1429 1430 1497 1496
452 1428 1429 1496 1495
453 1427 1428 1495 1494
454 1426 1427 1494 1493
455 1425 1426 1493 1492
456 1424 1425 1492 1491
457 1423 1424 1491 1490
458 1422 1423 1490 1489
459 1421 1422 1489 1488
460 1420 1421 1488 1480
461 1222 1223 1331 1332
462 1418 1419 1447 1487
463 1417 1418 1487 1486
464 1416 1417 1486 1485
465 1415 1416 1485 1484
466 1414 1415 1484 1483
467 1413 1414 1483 1482
468 1412 1413 1482 1481
469 1411 1412 1481 1446
470 1221 1222 1332 1333
471 1409 1410 1420 1480
472 1408 1409 1480 1479
473 1407 1408 1479 1478
474 1406 1407 1478 1477
475 1405 1406 1477 1476
476 1404 1405 1476 1475
477 1403 1404 1475 1474
478 1402 1403 1474 1473
479 1220 1221 1333 1334
480 1259 1260 1402 1473
481 1258 1259 1473 1472
482 1257 1258 1472 1471
483 1256 1257 1471 1470
484 1255 1256 1470 1469
485 1254 1255 1469 1468
486 1253 1254 1468 1467
487 1252 1253 1467 1466
488 1251 1252 1466 1465
489 1250 1251 1465 1464
490 1249 1250 1464 1463
491 1248 1249 1463 1462
492 1247 1248 1462 1461
493 1246 1247 1461 1460
494 1245 1246 1460 1459
495 1244 1245 1459 1458
496 1243 1244 1458 1457
497 1242 1243 1457 1456
498 1241 1242 1456 1455
499 1240 1241 1455 1454
500 1239 1240 1454 1453
501 1238 1239 1453 1452
502 1237 1238 1452 1451
503 1236 1237 1451 1450
504 1235 1236 1450 1449
505 1234 1235 1449 1448
506 1233 1234 1448 1447
507 1232 1233 1447 1419
508 1398 1399 1411 1446
509 1397 1398 1446 1445
510 1396 1397 1445 1444
511 1395 1396 1444 1443
512 1394 1395 1443 1442
513 1393 1394 1442 1441
514 1392 1393 1441 1440
515 1391 1392 1440 1439
516 1390 1391 1439 1438
517 1389 1390 1438 1437
518 1388 1389 1437 1436
519 1387 1388 1436 1435
520 1386 1387 1435 1434
521 1385 1386 1434 1433
522 1384 1385 1433 1432
523 1383 1384 1432 1431
524 1382 1383 1431 1430
525 1381 1382 1430 1429
526 1380 1381 1429 1428
527 1379 1380 1428 1427
528 1378 1379 1427 1426
529 1377 1378 1426 1425
530 1376 1377 1425 1424
531 1375 1376 1424 1423
532 1374 1375 1423 1422
533 1373 1374 1422 1421
534 1372 1373 1421 1420
535 1371 1372 1420 1410
536 1346 1231 1232 1419
537 1345 1346 1419 1418
538 1344 1345 1418 1417
539 1343 1344 1417 1416
540 1342 1343 1416 1415
541 1341 1342 1415 1414
542 1340 1341 1414 1413
543 1339 1340 1413 1412
544 1338 1339 1412 1411
545 1400 1338 1411 1399
546 1270 1271 1371 1410
547 1269 1270 1410 1409
548 1268 1269 1409 1408
549 1267 1268 1408 1407
550 1266 1267 1407 1406
551 1265 1266 1406 1405
552 1264 1265 1405 1404
553 1263 1264 1404 1403
554 1262 1263 1403 1402
555 1261 1262 1402 1260
556 1219 1220 1334 1335
557 1218 1219 1335 1336
558 1216 1217 1218 1336
559 1215 1216 1336 1337
560 1214 1215 1337 1401
561 1214 1401 1400 1399
562 1213 1214 1399 1398
563 1212 1213 1398 1397
564 1211 1212 1397 1396
565 1210 1211 1396 1395
566 1209 1210 1395 1394
567 1208 1209 1394 1393
568 1207 1208 1393 1392
569 1206 1207 1392 1391
570 1205 1206 1391 1390
571 1204 1205 1390 1389
572 1203 1204 1389 1388
573 1202 1203 1388 1387
574 1201 1202 1387 1386
575 1200 1201 1386 1385
576 1199 1200 1385 1384
577 1198 1199 1384 1383
578 1197 1198 1383 1382
579 1196 1197 1382 1381
580 1195 1196 1381 1380
581 1194 1195 1380 1379
582 1193 1194 1379 1378
583 1192 1193 1378 1377
584 1191 1192 1377 1376
585 1190 1191 1376 1375
586 1189 1190 1375 1374
587 1188 1189 1374 1373
588 1187 1188 1373 1372
589 1186 1187 1372 1371
590 1272 1186 1371 1271
591 1185 1186 1272 1273
592 1184 1185 1273 1274
593 1183 1184 1274 1275
594 1182 1183 1275 1276
595 1181 1182 1276 1277
596 1179 1180 1181 1277
597 1076 1077 1278 1277
598 1178 1179 1277 1278
599 1077 1078 1279 1278
600 1177 1178 1278 1279
601 1176 1177 1279 1370
602 1176 1370 1369 1368
603 1175 1176 1368 1367
604 1174 1175 1367 1366
605 1173 1174 1366 1365
606 1172 1173 1365 1364
607 1171 1172 1364 1363
608 1170 1171 1363 1362
609 1169 1170 1362 1361
610 1168 1169 1361 1360
611 1167 1168 1360 1359
612 1166 1167 1359 1358
613 1165 1166 1358 1357
614 1164 1165 1357 1356
615 1163 1164 1356 1355
616 1162 1163 1355 1354
617 1161 1162 1354 1353
618 1160 1161 1353 1352
619 1159 1160 1352 1351
620 1158 1159 1351 1350
621 1157 1158 1350 1349
622 1156 1157 1349 1348
623 1155 1156 1348 1347
624 1026 1155 1347 1230
625 1153 1154 1231 1346
626 1152 1153 1346 1345
627 1151 1152 1345 1344
628 1150 1151 1344 1343
629 1149 1150 1343 1342
630 1148 1149 1342 1341
631 1147 1148 1341 1340
632 1146 1147 1340 1339
633 1145 1146 1339 1338
634 1144 1145 1338 1400
635 1143 1144 1400 1401
636 1142 1143 1401 1337
637 1141 1142 1337 1336
638 1140 1141 1336 1335
639 1139 1140 1335 1334
640 1138 1139 1334 1333
641 1137 1138 1333 1332
642 1136 1137 1332 1331
643 1135 1136 1331 1330
644 1134 1135 1330 1329
645 1133 1134 1329 1328
646 1132 1133 1328 1327
647 1131 1132 1327 1326
648 1130 1131 1326 1325
649 1129 1130 1325 1324
650 1128 1129 1324 1323
651 1127 1128 1323 1322
652 1126 1127 1322 1321
653 1125 1126 1321 1320
654 1124 1125 1320 1319
655 1122 1123 1124 1319
656 1121 1122 1319 1318
657 1120 1121 1318 1317
658 1119 1120 1317 1316
659 1118 1119 1316 1315
660 1117 1118 1315 1314
661 1116 1117 1314 1313
662 1115 1116 1313 1312
663 1114 1115 1312 1311
664 1113 1114 1311 1310
665 1112 1113 1310 1309
666 1111 1112 1309 1308
667 1110 1111 1308 1307
668 1109 1110 1307 1306
669 1108 1109 1306 1305
670 1107 1108 1305 1304
671 1106 1107 1304 1303
672 1105 1106 1303 1302
673 1104 1105 1302 1301
674 1103 1104 1301 1300
675 1102 1103 1300 1299
676 1101 1102 1299 1298
677 1100 1101 1298 1297
678 1099 1100 1297 1296
679 1098 1099 1296 1295
680 1097 1098 1295 1294
681 1096 1097 1294 1293
682 1095 1096 1293 1292
683 1094 1095 1292 1291
684 1093 1094 1291 1290
685 1092 1093 1290 1289
686 1090 1091 1092 1289
687 1089 1090 1289 1288
688 1088 1089 1288 1287
689 1087 1088 1287 1286
690 1086 1087 1286 1285
691 1085 1086 1285 1284
692 1084 1085 1284 1283
693 1083 1084 1283 1282
694 1082 1083 1282 1281
695 1081 1082 1281 1280
696 1080 1081 1280 1369
697 1079 1080 1369 1370
698 1078 1079 1370 1279
699 1075 1076 1277 1276
700 1074 1075 1276 1275
701 1073 1074 1275 1274
702 1072 1073 1274 1273
703 1071 1072 1273 1272
704 1070 1071 1272 1271
705 1069 1070 1271 1270
706 1068 1069 1270 1269
707 1067 1068 1269 1268
708 1066 1067 1268 1267
709 1065 1066 1267 1266
710 1064 1065 1266 1265
711 1063 1064 1265 1264
712 1062 1063 1264 1263
713 1061 1062 1263 1262
714 1060 1061 1262 1261
715 1058 1059 1060 1261
716 1057 1058 1261 1260
717 1056 1057 1260 1259
718 1055 1056 1259 1258
719 1054 1055 1258 1257
720 1053 1054 1257 1256
721 1052 1053 1256 1255
722 1051 1052 1255 1254
723 1050 1051 1254 1253
724 1049 1050 1253 1252
725 1048 1049 1252 1251
726 1047 1048 1251 1250
727 1046 1047 1250 1249
728 1045 1046 1249 1248
729 1044 1045 1248 1247
730 1043 1044 1247 1246
731 1042 1043 1246 1245
732 1041 1042 1245 1244
733 1040 1041 1244 1243
734 1039 1040 1243 1242
735 1038 1039 1242 1241
736 1037 1038 1241 1240
737 1036 1037 1240 1239
738 1035 1036 1239 1238
739 1034 1035 1238 1237
740 1033 1034 1237 1236
741 1032 1033 1236 1235
742 1031 1032 1235 1234
743 1030 1031 1234 1233
744 1029 1030 1233 1232
745 1028 1029 1232 1231
746 1027 1028 1231 1154
747 1025 1026 1230 1229
748 1024 1025 1229 1228
749 1023 1024 1228 1227
750 1022 1023 1227 1226
751 1021 1022 1226 1225
752 1021 1225 1547 1224
753 1020 1021 1224 1223
754 1019 1020 1223 1222
755 1018 1019 1222 1221
756 1017 1018 1221 1220
757 1016 1017 1220 1219
758 1015 1016 1219 1218
759 1014 1015 1218 1217
760 1013 1014 1217 1216
761 1012 1013 1216 1215
762 1012 1215 1214 1213
763 1011 1012 1213 1212
764 1010 1011 1212 1211
765 1009 1010 1211 1210
766 1008 1009 1210 1209
767 1007 1008 1209 1208
768 1006 1007 1208 1207
769 1005 1006 1207 1206
770 1004 1005 1206 1205
771 1003 1004 1205 1204
772 1002 1003 1204 1203
773 1001 1002 1203 1202
774 1000 1001 1202 1201
775 999 1000 1201 1200
776 998 999 1200 1199
777 997 998 1199 1198
778 996 997 1198 1197
779 995 996 1197 1196
780 994 995 1196 1195
781 993 994 1195 1194
782 992 993 1194 1193
783 991 992 1193 1192
784 990 991 1192 1191
785 989 990 1191 1190
786 988 989 1190 1189
787 987 988 1189 1188
788 986 987 1188 1187
789 986 1187 1186 1185
790 985 986 1185 1184
791 984 985 1184 1183
792 983 984 1183 1182
793 982 983 1182 1181
794 981 982 1181 1180
795 980 981 1180 1179
796 979 980 1179 1178
797 978 979 1178 1177
798 978 1177 1176 1175
799 977 978 1175 1174
800 976 977 1174 1173
801 975 976 1173 1172
802 974 975 1172 1171
803 973 974 1171 1170
804 972 973 1170 1169
805 971 972 1169 1168
806 970 971 1168 1167
807 969 970 1167 1166
808 968 969 1166 1165
809 967 968 1165 1164
810 966 967 1164 1163
811 965 966 1163 1162
812 964 965 1162 1161
813 963 964 1161 1160
814 962 963 1160 1159
815 961 962 1159 1158
816 960 961 1158 1157
817 959 960 1157 1156
818 958 959 1156 1155
819 821 958 1155 1026
820 889 890 1027 1154
821 888 889 1154 1153
822 887 888 1153 1152
823 886 887 1152 1151
824 885 886 1151 1150
825 884 885 1150 1149
826 883 884 1149 1148
827 882 883 1148 1147
828 881 882 1147 1146
829 880 881 1146 1145
830 879 880 1145 1144
831 878 879 1144 1143
832 877 878 1143 1142
833 876 877 1142 1141
834 875 876 1141 1140
835 874 875 1140 1139
836 873 874 1139 1138
837 872 873 1138 1137
838 871 872 1137 1136
839 870 871 1136 1135
840 869 870 1135 1134
841 868 869 1134 1133
842 867 868 1133 1132
843 866 867 1132 1131
844 865 866 1131 1130
845 864 865 1130 1129
846 863 864 1129 1128
847 862 863 1128 1127
848 861 862 1127 1126
849 860 861 1126 1125
850 859 860 1125 1124
851 858 859 1124 1123
852 957 857 858 1123
853 956 957 1123 1122
854 955 956 1122 1121
855 954 955 1121 1120
856 953 954 1120 1119
857 952 953 1119 1118
858 951 952 1118 1117
859 950 951 1117 1116
860 949 950 1116 1115
861 948 949 1115 1114
862 947 948 1114 1113
863 946 947 1113 1112
864 945 946 1112 1111
865 944 945 1111 1110
866 943 944 1110 1109
867 942 943 1109 1108
868 941 942 1108 1107
869 940 941 1107 1106
870 939 940 1106 1105
871 938 939 1105 1104
872 937 938 1104 1103
873 936 937 1103 1102
874 935 936 1102 1101
875 934 935 1101 1100
876 933 934 1100 1099
877 932 933 1099 1098
878 931 932 1098 1097
879 930 931 1097 1096
880 929 930 1096 1095
881 928 929 1095 1094
882 927 928 1094 1093
883 926 927 1093 1092
884 925 926 1092 1091
885 923 924 925 1091
886 922 923 1091 1090
887 921 922 1090 1089
888 920 921 1089 1088
889 919 920 1088 1087
890 918 919 1087 1086
891 917 918 1086 1085
892 916 917 1085 1084
893 915 916 1084 1083
894 914 915 1083 1082
895 913 914 1082 1081
896 912 913 1081 1080
897 911 912 1080 1079
898 910 911 1079 1078
899 909 910 1078 1077
900 908 909 1077 1076
901 907 908 1076 1075
902 906 907 1075 1074
903 905 906 1074 1073
904 904 905 1073 1072
905 903 904 1072 1071
906 902 903 1071 1070
907 901 902 1070 1069
908 900 901 1069 1068
909 899 900 1068 1067
910 898 899 1067 1066
911 897 898 1066 1065
912 896 897 1065 1064
913 895 896 1064 1063
914 894 895 1063 1062
915 893 894 1062 1061
916 892 893 1061 1060
917 891 892 1060 1059
918 855 856 891 1059
919 854 855 1059 1058
920 853 854 1058 1057
921 852 853 1057 1056
922 851 852 1056 1055
923 850 851 1055 1054
924 849 850 1054 1053
925 848 849 1053 1052
926 847 848 1052 1051
927 846 847 1051 1050
928 845 846 1050 1049
929 844 845 1049 1048
930 843 844 1048 1047
931 842 843 1047 1046
932 841 842 1046 1045
933 840 841 1045 1044
934 839 840 1044 1043
935 838 839 1043 1042
936 837 838 1042 1041
937 836 837 1041 1040
938 835 836 1040 1039
939 834 835 1039 1038
940 833 834 1038 1037
941 832 833 1037 1036
942 831 832 1036 1035
943 830 831 1035 1034
944 829 830 1034 1033
945 828 829 1033 1032
946 827 828 1032 1031
947 826 827 1031 1030
948 825 826 1030 1029
949 824 825 1029 1028
950 823 824 1028 1027
951 822 823 1027 890
952 820 821 1026 1025
953 819 820 1025 1024
954 818 819 1024 1023
955 817 818 1023 1022
956 817 1022 1021 1020
957 816 817 1020 1019
958 815 816 1019 1018
959 814 815 1018 1017
960 813 814 1017 1016
961 812 813 1016 1015
962 811 812 1015 1014
963 810 811 1014 1013
964 810 1013 1012 1011
965 809 810 1011 1010
966 808 809 1010 1009
967 807 808 1009 1008
968 806 807 1008 1007
969 805 806 1007 1006
970 804 805 1006 1005
971 803 804 1005 1004
972 802 803 1004 1003
973 801 802 1003 1002
974 800 801 1002 1001
975 799 800 1001 1000
976 798 799 1000 999
977 797 798 999 998
978 796 797 998 997
979 795 796 997 996
980 794 795 996 995
981 793 794 995 994
982 792 793 994 993
983 791 792 993 992
984 790 791 992 991
985 789 790 991 990
986 788 789 990 989
987 787 788 989 988
988 786 787 988 987
989 786 987 986 985
990 785 786 985 984
991 784 785 984 983
992 783 784 983 982
993 782 783 982 981
994 781 782 981 980
995 780 781 980 979
996 780 979 978 977
997 779 780 977 976
998 778 779 976 975
999 777 778 975 974
1000 776 777 974 973
1001 775 776 973 972
1002 774 775 972 971
1003 773 774 971 970
1004 772 773 970 969
1005 771 772 969 968
1006 770 771 968 967
1007 769 770 967 966
1008 768 769 966 965
1009 767 768 965 964
1010 766 767 964 963
1011 765 766 963 962
1012 764 765 962 961
1013 763 764 961 960
1014 762 763 960 959
1015 761 762 959 958
1016 616 761 958 821
1017 759 760 857 957
1018 758 759 957 956
1019 757 758 956 955
1020 756 757 955 954
1021 755 756 954 953
1022 754 755 953 952
1023 753 754 952 951
1024 752 753 951 950
1025 751 752 950 949
1026 750 751 949 948
1027 749 750 948 947
1028 748 749 947 946
1029 747 748 946 945
1030 746 747 945 944
1031 745 746 944 943
1032 744 745 943 942
1033 743 744 942 941
1034 742 743 941 940
1035 741 742 940 939
1036 740 741 939 938
1037 739 740 938 937
1038 738 739 937 936
1039 737 738 936 935
1040 736 737 935 934
1041 735 736 934 933
1042 734 735 933 932
1043 733 734 932 931
1044 732 733 931 930
1045 731 732 930 929
1046 730 731 929 928
1047 729 730 928 927
1048 728 729 927 926
1049 727 728 926 925
1050 726 727 925 924
1051 652 653 726 924
1052 651 652 924 923
1053 650 651 923 922
1054 649 650 922 921
1055 648 649 921 920
1056 647 648 920 919
1057 646 647 919 918
1058 645 646 918 917
1059 644 645 917 916
1060 643 644 916 915
1061 642 643 915 914
1062 641 642 914 913
1063 640 641 913 912
1064 639 640 912 911
1065 638 639 911 910
1066 637 638 910 909
1067 636 637 909 908
1068 635 636 908 907
1069 634 635 907 906
1070 633 634 906 905
1071 632 633 905 904
1072 631 632 904 903
1073 630 631 903 902
1074 629 630 902 901
1075 628 629 901 900
1076 627 628 900 899
1077 626 627 899 898
1078 625 626 898 897
1079 624 625 897 896
1080 623 624 896 895
1081 622 623 895 894
1082 621 622 894 893
1083 620 621 893 892
1084 619 620 892 891
1085 618 619 891 856
1086 724 725 822 890
1087 723 724 890 889
1088 722 723 889 888
1089 721 722 888 887
1090 720 721 887 886
1091 719 720 886 885
1092 718 719 885 884
1093 717 718 884 883
1094 716 717 883 882
1095 715 716 882 881
1096 714 715 881 880
1097 713 714 880 879
1098 712 713 879 878
1099 711 712 878 877
1100 710 711 877 876
1101 709 710 876 875
1102 708 709 875 874
1103 707 708 874 873
1104 706 707 873 872
1105 705 706 872 871
1106 704 705 871 870
1107 703 704 870 869
1108 702 703 869 868
1109 701 702 868 867
1110 700 701 867 866
1111 699 700 866 865
1112 698 699 865 864
1113 697 698 864 863
1114 696 697 863 862
1115 695 696 862 861
1116 694 695 861 860
1117 693 694 860 859
1118 692 693 859 858
1119 691 692 858 857
1120 690 691 857 760
1121 689 617 618 856
1122 688 689 856 855
1123 687 688 855 854
1124 686 687 854 853
1125 685 686 853 852
1126 684 685 852 851
1127 683 684 851 850
1128 682 683 850 849
1129 681 682 849 848
1130 680 681 848 847
1131 679 680 847 846
1132 678 679 846 845
1133 677 678 845 844
1134 676 677 844 843
1135 675 676 843 842
1136 674 675 842 841
1137 673 674 841 840
1138 672 673 840 839
1139 671 672 839 838
1140 670 671 838 837
1141 669 670 837 836
1142 668 669 836 835
1143 667 668 835 834
1144 666 667 834 833
1145 665 666 833 832
1146 664 665 832 831
1147 663 664 831 830
1148 662 663 830 829
1149 661 662 829 828
1150 660 661 828 827
1151 659 660 827 826
1152 658 659 826 825
1153 657 658 825 824
1154 656 657 824 823
1155 655 656 823 822
1156 654 655 822 725
1157 615 616 821 820
1158 614 615 820 819
1159 613 614 819 818
1160 613 818 817 816
1161 612 613 816 815
1162 611 612 815 814
1163 610 611 814 813
1164 609 610 813 812
1165 608 609 812 811
1166 608 811 810 809
1167 607 608 809 808
1168 606 607 808 807
1169 605 606 807 806
1170 604 605 806 805
1171 603 604 805 804
1172 602 603 804 803
1173 601 602 803 802
1174 600 601 802 801
1175 599 600 801 800
1176 598 599 800 799
1177 597 598 799 798
1178 596 597 798 797
1179 595 596 797 796
1180 594 595 796 795
1181 593 594 795 794
1182 592 593 794 793
1183 591 592 793 792
1184 590 591 792 791
1185 589 590 791 790
1186 588 589 790 789
1187 587 588 789 788
1188 586 587 788 787
1189 586 787 786 785
1190 585 586 785 784
1191 584 585 784 783
1192 583 584 783 782
1193 582 583 782 781
1194 582 781 780 779
1195 581 582 779 778
1196 580 581 778 777
1197 579 580 777 776
1198 578 579 776 775
1199 577 578 775 774
1200 576 577 774 773
1201 575 576 773 772
1202 574 575 772 771
1203 573 574 771 770
1204 572 573 770 769
1205 571 572 769 768
1206 570 571 768 767
1207 569 570 767 766
1208 568 569 766 765
1209 567 568 765 764
1210 566 567 764 763
1211 565 566 763 762
1212 564 565 762 761
1213 411 564 761 616
1214 486 487 690 760
1215 485 486 760 759
1216 484 485 759 758
1217 483 484 758 757
1218 482 483 757 756
1219 481 482 756 755
1220 480 481 755 754
1221 479 480 754 753
1222 478 479 753 752
1223 477 478 752 751
1224 476 477 751 750
1225 475 476 750 749
1226 474 475 749 748
1227 473 474 748 747
1228 472 473 747 746
1229 471 472 746 745
1230 470 471 745 744
1231 469 470 744 743
1232 468 469 743 742
1233 467 468 742 741
1234 466 467 741 740
1235 465 466 740 739
1236 464 465 739 738
1237 463 464 738 737
1238 462 463 737 736
1239 461 462 736 735
1240 460 461 735 734
1241 459 460 734 733
1242 458 459 733 732
1243 457 458 732 731
1244 456 457 731 730
1245 455 456 730 729
1246 454 455 729 728
1247 453 454 728 727
1248 452 453 727 726
1249 451 452 726 653
1250 562 563 654 725
1251 561 562 725 724
1252 560 561 724 723
1253 559 560 723 722
1254 558 559 722 721
1255 557 558 721 720
1256 556 557 720 719
1257 555 556 719 718
1258 554 555 718 717
1259 553 554 717 716
1260 552 553 716 715
1261 551 552 715 714
1262 550 551 714 713
1263 549 550 713 712
1264 548 549 712 711
1265 547 548 711 710
1266 546 547 710 709
1267 545 546 709 708
1268 544 545 708 707
1269 543 544 707 706
1270 542 543 706 705
1271 541 542 705 704
1272 540 541 704 703
1273 539 540 703 702
1274 538 539 702 701
1275 537 538 701 700
1276 536 537 700 699
1277 535 536 699 698
1278 534 535 698 697
1279 533 534 697 696
1280 532 533 696 695
1281 531 532 695 694
1282 530 531 694 693
1283 529 530 693 692
1284 528 529 692 691
1285 527 528 691 690
1286 488 527 690 487
1287 525 526 617 689
1288 524 525 689 688
1289 523 524 688 687
1290 522 523 687 686
1291 521 522 686 685
1292 520 521 685 684
1293 519 520 684 683
1294 518 519 683 682
1295 517 518 682 681
1296 516 517 681 680
1297 515 516 680 679
1298 514 515 679 678
1299 513 514 678 677
1300 512 513 677 676
1301 511 512 676 675
1302 510 511 675 674
1303 509 510 674 673
1304 508 509 673 672
1305 507 508 672 671
1306 506 507 671 670
1307 505 506 670 669
1308 504 505 669 668
1309 503 504 668 667
1310 502 503 667 666
1311 501 502 666 665
1312 500 501 665 664
1313 499 500 664 663
1314 498 499 663 662
1315 497 498 662 661
1316 496 497 661 660
1317 495 496 660 659
1318 494 495 659 658
1319 493 494 658 657
1320 492 493 657 656
1321 491 492 656 655
1322 490 491 655 654
1323 489 490 654 563
1324 449 450 451 653
1325 448 449 653 652
1326 447 448 652 651
1327 446 447 651 650
1328 445 446 650 649
1329 444 445 649 648
1330 443 444 648 647
1331 442 443 647 646
1332 441 442 646 645
1333 440 441 645 644
1334 439 440 644 643
1335 438 439 643 642
1336 437 438 642 641
1337 436 437 641 640
1338 435 436 640 639
1339 434 435 639 638
1340 433 434 638 637
1341 432 433 637 636
1342 431 432 636 635
1343 430 431 635 634
1344 429 430 634 633
1345 428 429 633 632
1346 427 428 632 631
1347 426 427 631 630
1348 425 426 630 629
1349 424 425 629 628
1350 423 424 628 627
1351 422 423 627 626
1352 421 422 626 625
1353 420 421 625 624
1354 419 420 624 623
1355 418 419 623 622
1356 417 418 622 621
1357 416 417 621 620
1358 415 416 620 619
1359 414 415 619 618
1360 413 414 618 617
1361 412 413 617 526
1362 410 411 616 615
1363 409 410 615 614
1364 409 614 613 612
1365 408 409 612 611
1366 407 408 611 610
1367 406 407 610 609
1368 406 609 608 607
1369 405 406 607 606
1370 404 405 606 605
1371 403 404 605 604
1372 402 403 604 603
1373 401 402 603 602
1374 400 401 602 601
1375 399 400 601 600
1376 398 399 600 599
1377 397 398 599 598
1378 396 397 598 597
1379 395 396 597 596
1380 394 395 596 595
1381 393 394 595 594
1382 392 393 594 593
1383 391 392 593 592
1384 390 391 592 591
1385 389 390 591 590
1386 388 389 590 589
1387 387 388 589 588
1388 386 387 588 587
1389 386 587 586 585
1390 385 386 585 584
1391 384 385 584 583
1392 384 583 582 581
1393 383 384 581 580
1394 382 383 580 579
1395 381 382 579 578
1396 380 381 578 577
1397 379 380 577 576
1398 378 379 576 575
1399 377 378 575 574
1400 376 377 574 573
1401 375 376 573 572
1402 374 375 572 571
1403 373 374 571 570
1404 372 373 570 569
1405 371 372 569 568
1406 370 371 568 567
1407 369 370 567 566
1408 368 369 566 565
1409 367 368 565 564
1410 366 367 564 411
1411 363 364 489 563
1412 362 363 563 562
1413 361 362 562 561
1414 360 361 561 560
1415 359 360 560 559
1416 358 359 559 558
1417 357 358 558 557
1418 356 357 557 556
1419 355 356 556 555
1420 354 355 555 554
1421 353 354 554 553
1422 352 353 553 552
1423 351 352 552 551
1424 350 351 551 550
1425 349 350 550 549
1426 348 349 549 548
1427 347 348 548 547
1428 346 347 547 546
1429 345 346 546 545
1430 344 345 545 544
1431 343 344 544 543
1432 342 343 543 542
1433 341 342 542 541
1434 340 341 541 540
1435 339 340 540 539
1436 338 339 539 538
1437 337 338 538 537
1438 336 337 537 536
1439 335 336 536 535
1440 334 335 535 534
1441 333 334 534 533
1442 332 333 533 532
1443 331 332 532 531
1444 330 331 531 530
1445 329 330 530 529
1446 328 329 529 528
1447 327 328 528 527
1448 326 327 527 488
1449 243 244 412 526
1450 242 243 526 525
1451 241 242 525 524
1452 240 241 524 523
1453 239 240 523 522
1454 238 239 522 521
1455 237 238 521 520
1456 236 237 520 519
1457 235 236 519 518
1458 234 235 518 517
1459 233 234 517 516
1460 232 233 516 515
1461 231 232 515 514
1462 230 231 514 513
1463 229 230 513 512
1464 228 229 512 511
1465 227 228 511 510
1466 226 227 510 509
1467 225 226 509 508
1468 224 225 508 507
1469 223 224 507 506
1470 222 223 506 505
1471 221 222 505 504
1472 220 221 504 503
1473 219 220 503 502
1474 218 219 502 501
1475 217 218 501 500
1476 216 217 500 499
1477 215 216 499 498
1478 214 215 498 497
1479 213 214 497 496
1480 212 213 496 495
1481 211 212 495 494
1482 210 211 494 493
1483 209 210 493 492
1484 208 209 492 491
1485 207 208 491 490
1486 206 207 490 489
1487 205 206 489 364
1488 285 286 326 488
1489 284 285 488 487
1490 283 284 487 486
1491 282 283 486 485
1492 281 282 485 484
1493 280 281 484 483
1494 279 280 483 482
1495 278 279 482 481
1496 277 278 481 480
1497 276 277 480 479
1498 275 276 479 478
1499 274 275 478 477
1500 273 274 477 476
1501 272 273 476 475
1502 271 272 475 474
1503 270 271 474 473
1504 269 270 473 472
1505 268 269 472 471
1506 267 268 471 470
1507 266 267 470 469
1508 265 266 469 468
1509 264 265 468 467
1510 263 264 467 466
1511 262 263 466 465
1512 261 262 465 464
1513 260 261 464 463
1514 259 260 463 462
1515 258 259 462 461
1516 257 258 461 460
1517 256 257 460 459
1518 255 256 459 458
1519 254 255 458 457
1520 253 254 457 456
1521 252 253 456 455
1522 251 252 455 454
1523 250 251 454 453
1524 249 250 453 452
1525 248 249 452 451
1526 247 248 451 450
1527 325 246 247 450
1528 324 325 450 449
1529 323 324 449 448
1530 322 323 448 447
1531 321 322 447 446
1532 320 321 446 445
1533 319 320 445 444
1534 318 319 444 443
1535 317 318 443 442
1536 316 317 442 441
1537 315 316 441 440
1538 314 315 440 439
1539 313 314 439 438
1540 312 313 438 437
1541 311 312 437 436
1542 310 311 436 435
1543 309 310 435 434
1544 308 309 434 433
1545 307 308 433 432
1546 306 307 432 431
1547 305 306 431 430
1548 304 305 430 429
1549 303 304 429 428
1550 302 303 428 427
1551 301 302 427 426
1552 300 301 426 425
1553 299 300 425 424
1554 298 299 424 423
1555 297 298 423 422
1556 296 297 422 421
1557 295 296 421 420
1558 294 295 420 419
1559 293 294 419 418
1560 292 293 418 417
1561 291 292 417 416
1562 290 291 416 415
1563 289 290 415 414
1564 288 289 414 413
1565 287 288 413 412
1566 245 287 412 244
1567 365 366 411 410
1568 365 410 409 408
1569 2 365 408 407
1570 2 407 406 405
1571 20 2 405 404
1572 21 20 404 403
1573 22 21 403 402
1574 23 22 402 401
1575 24 23 401 400
1576 25 24 400 399
1577 26 25 399 398
1578 27 26 398 397
1579 28 27 397 396
1580 29 28 396 395
1581 30 29 395 394
1582 31 30 394 393
1583 32 31 393 392
1584 33 32 392 391
1585 34 33 391 390
1586 35 34 390 389
1587 36 35 389 388
1588 1 36 388 387
1589 1 387 386 385
1590 1 385 384 383
1591 1 383 382 3
1592 4 3 382 381
1593 5 4 381 380
1594 6 5 380 379
1595 7 6 379 378
1596 8 7 378 377
1597 9 8 377 376
1598 10 9 376 375
1599 11 10 375 374
1600 12 11 374 373
1601 13 12 373 372
1602 14 13 372 371
1603 15 14 371 370
1604 16 15 370 369
1605 17 16 369 368
1606 18 17 368 367
1607 19 18 367 366
1608 2 19 366 365
1609 165 164 205 364
1610 166 165 364 363
1611 167 166 363 362
1612 168 167 362 361
1613 169 168 361 360
1614 170 169 360 359
1615 171 170 359 358
1616 172 171 358 357
1617 173 172 357 356
1618 174 173 356 355
1619 175 174 355 354
1620 176 175 354 353
1621 177 176 353 352
1622 178 177 352 351
1623 179 178 351 350
1624 180 179 350 349
1625 181 180 349 348
1626 182 181 348 347
1627 183 182 347 346
1628 184 183 346 345
1629 185 184 345 344
1630 186 185 344 343
1631 187 186 343 342
1632 188 187 342 341
1633 189 188 341 340
1634 190 189 340 339
1635 191 190 339 338
1636 192 191 338 337
1637 193 192 337 336
1638 194 193 336 335
1639 195 194 335 334
1640 196 195 334 333
1641 197 196 333 332
1642 198 197 332 331
1643 199 198 331 330
1644 200 199 330 329
1645 201 200 329 328
1646 202 201 328 327
1647 203 202 327 326
1648 204 203 326 286
1649 82 81 246 325
1650 83 82 325 324
1651 84 83 324 323
1652 85 84 323 322
1653 86 85 322 321
1654 87 86 321 320
1655 88 87 320 319
1656 89 88 319 318
1657 90 89 318 317
1658 91 90 317 316
1659 92 91 316 315
1660 93 92 315 314
1661 94 93 314 313
1662 95 94 313 312
1663 96 95 312 311
1664 97 96 311 310
1665 98 97 310 309
1666 99 98 309 308
1667 100 99 308 307
1668 101 100 307 306
1669 102 101 306 305
1670 103 102 305 304
1671 104 103 304 303
1672 105 104 303 302
1673 106 105 302 301
1674 107 106 301 300
1675 108 107 300 299
1676 109 108 299 298
1677 110 109 298 297
1678 111 110 297 296
1679 112 111 296 295
1680 113 112 295 294
1681 114 113 294 293
1682 115 114 293 292
1683 116 115 292 291
1684 117 116 291 290
1685 118 117 290 289
1686 119 118 289 288
1687 120 119 288 287
1688 121 120 287 245
1689 123 122 204 286
1690 124 123 286 285
1691 125 124 285 284
1692 126 125 284 283
1693 127 126 283 282
1694 128 127 282 281
1695 129 128 281 280
1696 130 129 280 279
1697 131 130 279 278
1698 132 131 278 277
1699 133 132 277 276
1700 134 133 276 275
1701 135 134 275 274
1702 136 135 274 273
1703 137 136 273 272
1704 138 137 272 271
1705 139 138 271 270
1706 140 139 270 269
1707 141 140 269 268
1708 142 141 268 267
1709 143 142 267 266
1710 144 143 266 265
1711 145 144 265 264
1712 146 145 264 263
1713 147 146 263 262
1714 148 147 262 261
1715 149 148 261 260
1716 150 149 260 259
1717 151 150 259 258
1718 152 151 258 257
1719 153 152 257 256
1720 154 153 256 255
1721 155 154 255 254
1722 156 155 254 253
1723 157 156 253 252
1724 158 157 252 251
1725 159 158 251 250
1726 160 159 250 249
1727 161 160 249 248
1728 162 161 248 247
1729 163 162 247 246
1730 80 163 246 81
1731 39 37 121 245
1732 40 39 245 244
1733 41 40 244 243
1734 42 41 243 242
1735 43 42 242 241
1736 44 43 241 240
1737 45 44 240 239
1738 46 45 239 238
1739 47 46 238 237
1740 48 47 237 236
1741 49 48 236 235
1742 50 49 235 234
1743 51 50 234 233
1744 52 51 233 232
1745 53 52 232 231
1746 54 53 231 230
1747 55 54 230 229
1748 56 55 229 228
1749 57 56 228 227
1750 58 57 227 226
1751 59 58 226 225
1752 60 59 225 224
1753 61 60 224 223
1754 62 61 223 222
1755 63 62 222 221
1756 64 63 221 220
1757 65 64 220 219
1758 66 65 219 218
1759 67 66 218 217
1760 68 67 217 216
1761 69 68 216 215
1762 70 69 215 214
1763 71 70 214 213
1764 72 71 213 212
1765 73 72 212 211
1766 74 73 211 210
1767 75 74 210 209
1768 76 75 209 208
1769 77 76 208 207
1770 78 77 207 206
1771 79 78 206 205
1772 38 79 205 164
