       840
1058 2061 2062 347 348
1059 2060 2061 348 349
1060 2059 2060 349 350
1061 2058 2059 350 351
1062 2057 2058 351 352
1063 2056 2057 352 353
1064 2055 2056 353 354
1065 2054 2055 354 355
1066 2053 2054 355 356
1067 2052 2053 356 357
1068 2051 2052 357 358
1069 2050 2051 358 359
1070 2049 2050 359 360
1071 2048 2049 360 361
1072 2047 2048 361 362
1073 2046 2047 362 363
1074 2045 2046 363 364
1075 2044 2045 364 365
1076 2043 2044 365 366
1077 2042 2043 366 367
1078 2041 2042 367 368
1079 2040 2041 368 369
1080 2039 2040 369 370
1081 2038 2039 370 371
1082 2037 2038 371 372
1083 2036 2037 372 373
1084 2035 2036 373 374
1085 2034 2035 374 375
1114 1583 2034 375 317
1173 2062 1798 257 347
2149 2032 2033 2062 2061
2150 2031 2032 2061 2060
2151 2030 2031 2060 2059
2152 2029 2030 2059 2058
2153 2028 2029 2058 2057
2154 2027 2028 2057 2056
2155 2026 2027 2056 2055
2156 2025 2026 2055 2054
2157 2024 2025 2054 2053
2158 2023 2024 2053 2052
2159 2022 2023 2052 2051
2160 2021 2022 2051 2050
2161 2020 2021 2050 2049
2162 2019 2020 2049 2048
2163 2018 2019 2048 2047
2164 2017 2018 2047 2046
2165 2016 2017 2046 2045
2166 2015 2016 2045 2044
2167 2014 2015 2044 2043
2168 2013 2014 2043 2042
2169 2012 2013 2042 2041
2170 2011 2012 2041 2040
2171 2010 2011 2040 2039
2172 2009 2010 2039 2038
2173 2008 2009 2038 2037
2174 2007 2008 2037 2036
2175 2006 2007 2036 2035
2176 2005 2006 2035 2034
2205 1584 2005 2034 1583
2264 2033 1799 1798 2062
3240 2003 2004 2033 2032
3241 2002 2003 2032 2031
3242 2001 2002 2031 2030
3243 2000 2001 2030 2029
3244 1999 2000 2029 2028
3245 1998 1999 2028 2027
3246 1997 1998 2027 2026
3247 1996 1997 2026 2025
3248 1995 1996 2025 2024
3249 1994 1995 2024 2023
3250 1993 1994 2023 2022
3251 1992 1993 2022 2021
3252 1991 1992 2021 2020
3253 1990 1991 2020 2019
3254 1989 1990 2019 2018
3255 1988 1989 2018 2017
3256 1987 1988 2017 2016
3257 1986 1987 2016 2015
3258 1985 1986 2015 2014
3259 1984 1985 2014 2013
3260 1983 1984 2013 2012
3261 1982 1983 2012 2011
3262 1981 1982 2011 2010
3263 1980 1981 2010 2009
3264 1979 1980 2009 2008
3265 1978 1979 2008 2007
3266 1977 1978 2007 2006
3267 1976 1977 2006 2005
3296 1585 1976 2005 1584
3355 2004 1800 1799 2033
4395 1974 1975 2004 2003
4396 1973 1974 2003 2002
4397 1972 1973 2002 2001
4398 1971 1972 2001 2000
4399 1970 1971 2000 1999
4400 1969 1970 1999 1998
4401 1968 1969 1998 1997
4402 1967 1968 1997 1996
4403 1966 1967 1996 1995
4404 1965 1966 1995 1994
4405 1964 1965 1994 1993
4406 1963 1964 1993 1992
4407 1962 1963 1992 1991
4408 1961 1962 1991 1990
4409 1960 1961 1990 1989
4410 1959 1960 1989 1988
4411 1958 1959 1988 1987
4412 1957 1958 1987 1986
4413 1956 1957 1986 1985
4414 1955 1956 1985 1984
4415 1954 1955 1984 1983
4416 1953 1954 1983 1982
4417 1952 1953 1982 1981
4418 1951 1952 1981 1980
4419 1950 1951 1980 1979
4420 1949 1950 1979 1978
4421 1948 1949 1978 1977
4422 1947 1948 1977 1976
4451 1586 1947 1976 1585
4510 1975 1801 1800 2004
5550 1919 1918 1975 1974
5551 1920 1919 1974 1973
5552 1921 1920 1973 1972
5553 1922 1921 1972 1971
5554 1923 1922 1971 1970
5555 1924 1923 1970 1969
5556 1925 1924 1969 1968
5557 1926 1925 1968 1967
5558 1927 1926 1967 1966
5559 1928 1927 1966 1965
5560 1929 1928 1965 1964
5561 1930 1929 1964 1963
5562 1931 1930 1963 1962
5563 1932 1931 1962 1961
5564 1933 1932 1961 1960
5565 1934 1933 1960 1959
5566 1935 1934 1959 1958
5567 1936 1935 1958 1957
5568 1937 1936 1957 1956
5569 1938 1937 1956 1955
5570 1939 1938 1955 1954
5571 1940 1939 1954 1953
5572 1941 1940 1953 1952
5573 1942 1941 1952 1951
5574 1943 1942 1951 1950
5575 1944 1943 1950 1949
5576 1945 1944 1949 1948
5577 1946 1945 1948 1947
5606 1553 1946 1947 1586
5665 1918 1768 1801 1975
5886 1768 1918 7584 7364
5945 1946 1553 7550 7612
5974 1945 1946 7612 7611
5975 1944 1945 7611 7610
5976 1943 1944 7610 7609
5977 1942 1943 7609 7608
5978 1941 1942 7608 7607
5979 1940 1941 7607 7606
5980 1939 1940 7606 7605
5981 1938 1939 7605 7604
5982 1937 1938 7604 7603
5983 1936 1937 7603 7602
5984 1935 1936 7602 7601
5985 1934 1935 7601 7600
5986 1933 1934 7600 7599
5987 1932 1933 7599 7598
5988 1931 1932 7598 7597
5989 1930 1931 7597 7596
5990 1929 1930 7596 7595
5991 1928 1929 7595 7594
5992 1927 1928 7594 7593
5993 1926 1927 7593 7592
5994 1925 1926 7592 7591
5995 1924 1925 7591 7590
5996 1923 1924 7590 7589
5997 1922 1923 7589 7588
5998 1921 1922 7588 7587
5999 1920 1921 7587 7586
6000 1919 1920 7586 7585
6001 1918 1919 7585 7584
7041 7364 7584 7613 7365
7100 7612 7550 7551 7641
7129 7611 7612 7641 7640
7130 7610 7611 7640 7639
7131 7609 7610 7639 7638
7132 7608 7609 7638 7637
7133 7607 7608 7637 7636
7134 7606 7607 7636 7635
7135 7605 7606 7635 7634
7136 7604 7605 7634 7633
7137 7603 7604 7633 7632
7138 7602 7603 7632 7631
7139 7601 7602 7631 7630
7140 7600 7601 7630 7629
7141 7599 7600 7629 7628
7142 7598 7599 7628 7627
7143 7597 7598 7627 7626
7144 7596 7597 7626 7625
7145 7595 7596 7625 7624
7146 7594 7595 7624 7623
7147 7593 7594 7623 7622
7148 7592 7593 7622 7621
7149 7591 7592 7621 7620
7150 7590 7591 7620 7619
7151 7589 7590 7619 7618
7152 7588 7589 7618 7617
7153 7587 7588 7617 7616
7154 7586 7587 7616 7615
7155 7585 7586 7615 7614
7156 7584 7585 7614 7613
8196 7365 7613 7642 7366
8255 7641 7551 7552 7670
8284 7640 7641 7670 7669
8285 7639 7640 7669 7668
8286 7638 7639 7668 7667
8287 7637 7638 7667 7666
8288 7636 7637 7666 7665
8289 7635 7636 7665 7664
8290 7634 7635 7664 7663
8291 7633 7634 7663 7662
8292 7632 7633 7662 7661
8293 7631 7632 7661 7660
8294 7630 7631 7660 7659
8295 7629 7630 7659 7658
8296 7628 7629 7658 7657
8297 7627 7628 7657 7656
8298 7626 7627 7656 7655
8299 7625 7626 7655 7654
8300 7624 7625 7654 7653
8301 7623 7624 7653 7652
8302 7622 7623 7652 7651
8303 7621 7622 7651 7650
8304 7620 7621 7650 7649
8305 7619 7620 7649 7648
8306 7618 7619 7648 7647
8307 7617 7618 7647 7646
8308 7616 7617 7646 7645
8309 7615 7616 7645 7644
8310 7614 7615 7644 7643
8311 7613 7614 7643 7642
9351 7366 7642 7671 7367
9410 7670 7552 7553 7699
9439 7669 7670 7699 7698
9440 7668 7669 7698 7697
9441 7667 7668 7697 7696
9442 7666 7667 7696 7695
9443 7665 7666 7695 7694
9444 7664 7665 7694 7693
9445 7663 7664 7693 7692
9446 7662 7663 7692 7691
9447 7661 7662 7691 7690
9448 7660 7661 7690 7689
9449 7659 7660 7689 7688
9450 7658 7659 7688 7687
9451 7657 7658 7687 7686
9452 7656 7657 7686 7685
9453 7655 7656 7685 7684
9454 7654 7655 7684 7683
9455 7653 7654 7683 7682
9456 7652 7653 7682 7681
9457 7651 7652 7681 7680
9458 7650 7651 7680 7679
9459 7649 7650 7679 7678
9460 7648 7649 7678 7677
9461 7647 7648 7677 7676
9462 7646 7647 7676 7675
9463 7645 7646 7675 7674
9464 7644 7645 7674 7673
9465 7643 7644 7673 7672
9466 7642 7643 7672 7671
10506 7367 7671 7700 7368
10565 7699 7553 7554 7728
10594 7698 7699 7728 7727
10595 7697 7698 7727 7726
10596 7696 7697 7726 7725
10597 7695 7696 7725 7724
10598 7694 7695 7724 7723
10599 7693 7694 7723 7722
10600 7692 7693 7722 7721
10601 7691 7692 7721 7720
10602 7690 7691 7720 7719
10603 7689 7690 7719 7718
10604 7688 7689 7718 7717
10605 7687 7688 7717 7716
10606 7686 7687 7716 7715
10607 7685 7686 7715 7714
10608 7684 7685 7714 7713
10609 7683 7684 7713 7712
10610 7682 7683 7712 7711
10611 7681 7682 7711 7710
10612 7680 7681 7710 7709
10613 7679 7680 7709 7708
10614 7678 7679 7708 7707
10615 7677 7678 7707 7706
10616 7676 7677 7706 7705
10617 7675 7676 7705 7704
10618 7674 7675 7704 7703
10619 7673 7674 7703 7702
10620 7672 7673 7702 7701
10621 7671 7672 7701 7700
11661 7368 7700 7583 7363
11720 7728 7554 7549 7555
11749 7727 7728 7555 7556
11750 7726 7727 7556 7557
11751 7725 7726 7557 7558
11752 7724 7725 7558 7559
11753 7723 7724 7559 7560
11754 7722 7723 7560 7561
11755 7721 7722 7561 7562
11756 7720 7721 7562 7563
11757 7719 7720 7563 7564
11758 7718 7719 7564 7565
11759 7717 7718 7565 7566
11760 7716 7717 7566 7567
11761 7715 7716 7567 7568
11762 7714 7715 7568 7569
11763 7713 7714 7569 7570
11764 7712 7713 7570 7571
11765 7711 7712 7571 7572
11766 7710 7711 7572 7573
11767 7709 7710 7573 7574
11768 7708 7709 7574 7575
11769 7707 7708 7575 7576
11770 7706 7707 7576 7577
11771 7705 7706 7577 7578
11772 7704 7705 7578 7579
11773 7703 7704 7579 7580
11774 7702 7703 7580 7581
11775 7701 7702 7581 7582
11776 7700 7701 7582 7583
13763 15802 15803 348 347
13764 15803 15804 349 348
13765 15804 15805 350 349
13766 15805 15806 351 350
13767 15806 15807 352 351
13768 15807 15808 353 352
13769 15808 15809 354 353
13770 15809 15810 355 354
13771 15810 15811 356 355
13772 15811 15812 357 356
13773 15812 15813 358 357
13774 15813 15814 359 358
13775 15814 15815 360 359
13776 15815 15816 361 360
13777 15816 15817 362 361
13778 15817 15818 363 362
13779 15818 15819 364 363
13780 15819 15820 365 364
13781 15820 15821 366 365
13782 15821 15822 367 366
13783 15822 15823 368 367
13784 15823 15824 369 368
13785 15824 15825 370 369
13786 15825 15826 371 370
13787 15826 15827 372 371
13788 15827 15828 373 372
13789 15828 15829 374 373
13790 15829 15830 375 374
13819 15830 15598 317 375
13878 15211 15802 347 257
14854 15773 15774 15803 15802
14855 15774 15775 15804 15803
14856 15775 15776 15805 15804
14857 15776 15777 15806 15805
14858 15777 15778 15807 15806
14859 15778 15779 15808 15807
14860 15779 15780 15809 15808
14861 15780 15781 15810 15809
14862 15781 15782 15811 15810
14863 15782 15783 15812 15811
14864 15783 15784 15813 15812
14865 15784 15785 15814 15813
14866 15785 15786 15815 15814
14867 15786 15787 15816 15815
14868 15787 15788 15817 15816
14869 15788 15789 15818 15817
14870 15789 15790 15819 15818
14871 15790 15791 15820 15819
14872 15791 15792 15821 15820
14873 15792 15793 15822 15821
14874 15793 15794 15823 15822
14875 15794 15795 15824 15823
14876 15795 15796 15825 15824
14877 15796 15797 15826 15825
14878 15797 15798 15827 15826
14879 15798 15799 15828 15827
14880 15799 15800 15829 15828
14881 15800 15801 15830 15829
14910 15801 15597 15598 15830
14969 15210 15773 15802 15211
15945 15744 15745 15774 15773
15946 15745 15746 15775 15774
15947 15746 15747 15776 15775
15948 15747 15748 15777 15776
15949 15748 15749 15778 15777
15950 15749 15750 15779 15778
15951 15750 15751 15780 15779
15952 15751 15752 15781 15780
15953 15752 15753 15782 15781
15954 15753 15754 15783 15782
15955 15754 15755 15784 15783
15956 15755 15756 15785 15784
15957 15756 15757 15786 15785
15958 15757 15758 15787 15786
15959 15758 15759 15788 15787
15960 15759 15760 15789 15788
15961 15760 15761 15790 15789
15962 15761 15762 15791 15790
15963 15762 15763 15792 15791
15964 15763 15764 15793 15792
15965 15764 15765 15794 15793
15966 15765 15766 15795 15794
15967 15766 15767 15796 15795
15968 15767 15768 15797 15796
15969 15768 15769 15798 15797
15970 15769 15770 15799 15798
15971 15770 15771 15800 15799
15972 15771 15772 15801 15800
16001 15772 15596 15597 15801
16060 15209 15744 15773 15210
17100 15715 15716 15745 15744
17101 15716 15717 15746 15745
17102 15717 15718 15747 15746
17103 15718 15719 15748 15747
17104 15719 15720 15749 15748
17105 15720 15721 15750 15749
17106 15721 15722 15751 15750
17107 15722 15723 15752 15751
17108 15723 15724 15753 15752
17109 15724 15725 15754 15753
17110 15725 15726 15755 15754
17111 15726 15727 15756 15755
17112 15727 15728 15757 15756
17113 15728 15729 15758 15757
17114 15729 15730 15759 15758
17115 15730 15731 15760 15759
17116 15731 15732 15761 15760
17117 15732 15733 15762 15761
17118 15733 15734 15763 15762
17119 15734 15735 15764 15763
17120 15735 15736 15765 15764
17121 15736 15737 15766 15765
17122 15737 15738 15767 15766
17123 15738 15739 15768 15767
17124 15739 15740 15769 15768
17125 15740 15741 15770 15769
17126 15741 15742 15771 15770
17127 15742 15743 15772 15771
17156 15743 15595 15596 15772
17215 15208 15715 15744 15209
18255 15686 15687 15716 15715
18256 15687 15688 15717 15716
18257 15688 15689 15718 15717
18258 15689 15690 15719 15718
18259 15690 15691 15720 15719
18260 15691 15692 15721 15720
18261 15692 15693 15722 15721
18262 15693 15694 15723 15722
18263 15694 15695 15724 15723
18264 15695 15696 15725 15724
18265 15696 15697 15726 15725
18266 15697 15698 15727 15726
18267 15698 15699 15728 15727
18268 15699 15700 15729 15728
18269 15700 15701 15730 15729
18270 15701 15702 15731 15730
18271 15702 15703 15732 15731
18272 15703 15704 15733 15732
18273 15704 15705 15734 15733
18274 15705 15706 15735 15734
18275 15706 15707 15736 15735
18276 15707 15708 15737 15736
18277 15708 15709 15738 15737
18278 15709 15710 15739 15738
18279 15710 15711 15740 15739
18280 15711 15712 15741 15740
18281 15712 15713 15742 15741
18282 15713 15714 15743 15742
18311 15714 15594 15595 15743
18370 15207 15686 15715 15208
19410 15657 15658 15687 15686
19411 15658 15659 15688 15687
19412 15659 15660 15689 15688
19413 15660 15661 15690 15689
19414 15661 15662 15691 15690
19415 15662 15663 15692 15691
19416 15663 15664 15693 15692
19417 15664 15665 15694 15693
19418 15665 15666 15695 15694
19419 15666 15667 15696 15695
19420 15667 15668 15697 15696
19421 15668 15669 15698 15697
19422 15669 15670 15699 15698
19423 15670 15671 15700 15699
19424 15671 15672 15701 15700
19425 15672 15673 15702 15701
19426 15673 15674 15703 15702
19427 15674 15675 15704 15703
19428 15675 15676 15705 15704
19429 15676 15677 15706 15705
19430 15677 15678 15707 15706
19431 15678 15679 15708 15707
19432 15679 15680 15709 15708
19433 15680 15681 15710 15709
19434 15681 15682 15711 15710
19435 15682 15683 15712 15711
19436 15683 15684 15713 15712
19437 15684 15685 15714 15713
19466 15685 15593 15594 15714
19525 15206 15657 15686 15207
20565 15628 15629 15658 15657
20566 15629 15630 15659 15658
20567 15630 15631 15660 15659
20568 15631 15632 15661 15660
20569 15632 15633 15662 15661
20570 15633 15634 15663 15662
20571 15634 15635 15664 15663
20572 15635 15636 15665 15664
20573 15636 15637 15666 15665
20574 15637 15638 15667 15666
20575 15638 15639 15668 15667
20576 15639 15640 15669 15668
20577 15640 15641 15670 15669
20578 15641 15642 15671 15670
20579 15642 15643 15672 15671
20580 15643 15644 15673 15672
20581 15644 15645 15674 15673
20582 15645 15646 15675 15674
20583 15646 15647 15676 15675
20584 15647 15648 15677 15676
20585 15648 15649 15678 15677
20586 15649 15650 15679 15678
20587 15650 15651 15680 15679
20588 15651 15652 15681 15680
20589 15652 15653 15682 15681
20590 15653 15654 15683 15682
20591 15654 15655 15684 15683
20592 15655 15656 15685 15684
20621 15656 15592 15593 15685
20680 15205 15628 15657 15206
21720 15599 15600 15629 15628
21721 15600 15601 15630 15629
21722 15601 15602 15631 15630
21723 15602 15603 15632 15631
21724 15603 15604 15633 15632
21725 15604 15605 15634 15633
21726 15605 15606 15635 15634
21727 15606 15607 15636 15635
21728 15607 15608 15637 15636
21729 15608 15609 15638 15637
21730 15609 15610 15639 15638
21731 15610 15611 15640 15639
21732 15611 15612 15641 15640
21733 15612 15613 15642 15641
21734 15613 15614 15643 15642
21735 15614 15615 15644 15643
21736 15615 15616 15645 15644
21737 15616 15617 15646 15645
21738 15617 15618 15647 15646
21739 15618 15619 15648 15647
21740 15619 15620 15649 15648
21741 15620 15621 15650 15649
21742 15621 15622 15651 15650
21743 15622 15623 15652 15651
21744 15623 15624 15653 15652
21745 15624 15625 15654 15653
21746 15625 15626 15655 15654
21747 15626 15627 15656 15655
21776 15627 15591 15592 15656
21835 15204 15599 15628 15205
22875 15562 15563 15600 15599
22876 15563 15564 15601 15600
22877 15564 15565 15602 15601
22878 15565 15566 15603 15602
22879 15566 15567 15604 15603
22880 15567 15568 15605 15604
22881 15568 15569 15606 15605
22882 15569 15570 15607 15606
22883 15570 15571 15608 15607
22884 15571 15572 15609 15608
22885 15572 15573 15610 15609
22886 15573 15574 15611 15610
22887 15574 15575 15612 15611
22888 15575 15576 15613 15612
22889 15576 15577 15614 15613
22890 15577 15578 15615 15614
22891 15578 15579 15616 15615
22892 15579 15580 15617 15616
22893 15580 15581 15618 15617
22894 15581 15582 15619 15618
22895 15582 15583 15620 15619
22896 15583 15584 15621 15620
22897 15584 15585 15622 15621
22898 15585 15586 15623 15622
22899 15586 15587 15624 15623
22900 15587 15588 15625 15624
22901 15588 15589 15626 15625
22902 15589 15590 15627 15626
22931 15590 15561 15591 15627
22990 15174 15562 15599 15204
23211 15562 15174 26191 26249
23270 15561 15590 26221 25943
23299 15590 15589 26222 26221
23300 15589 15588 26223 26222
23301 15588 15587 26224 26223
23302 15587 15586 26225 26224
23303 15586 15585 26226 26225
23304 15585 15584 26227 26226
23305 15584 15583 26228 26227
23306 15583 15582 26229 26228
23307 15582 15581 26230 26229
23308 15581 15580 26231 26230
23309 15580 15579 26232 26231
23310 15579 15578 26233 26232
23311 15578 15577 26234 26233
23312 15577 15576 26235 26234
23313 15576 15575 26236 26235
23314 15575 15574 26237 26236
23315 15574 15573 26238 26237
23316 15573 15572 26239 26238
23317 15572 15571 26240 26239
23318 15571 15570 26241 26240
23319 15570 15569 26242 26241
23320 15569 15568 26243 26242
23321 15568 15567 26244 26243
23322 15567 15566 26245 26244
23323 15566 15565 26246 26245
23324 15565 15564 26247 26246
23325 15564 15563 26248 26247
23326 15563 15562 26249 26248
24366 26249 26191 26190 26278
24425 25943 26221 26250 25942
24454 26221 26222 26251 26250
24455 26222 26223 26252 26251
24456 26223 26224 26253 26252
24457 26224 26225 26254 26253
24458 26225 26226 26255 26254
24459 26226 26227 26256 26255
24460 26227 26228 26257 26256
24461 26228 26229 26258 26257
24462 26229 26230 26259 26258
24463 26230 26231 26260 26259
24464 26231 26232 26261 26260
24465 26232 26233 26262 26261
24466 26233 26234 26263 26262
24467 26234 26235 26264 26263
24468 26235 26236 26265 26264
24469 26236 26237 26266 26265
24470 26237 26238 26267 26266
24471 26238 26239 26268 26267
24472 26239 26240 26269 26268
24473 26240 26241 26270 26269
24474 26241 26242 26271 26270
24475 26242 26243 26272 26271
24476 26243 26244 26273 26272
24477 26244 26245 26274 26273
24478 26245 26246 26275 26274
24479 26246 26247 26276 26275
24480 26247 26248 26277 26276
24481 26248 26249 26278 26277
25521 26278 26190 26189 26307
25580 25942 26250 26279 25941
25609 26250 26251 26280 26279
25610 26251 26252 26281 26280
25611 26252 26253 26282 26281
25612 26253 26254 26283 26282
25613 26254 26255 26284 26283
25614 26255 26256 26285 26284
25615 26256 26257 26286 26285
25616 26257 26258 26287 26286
25617 26258 26259 26288 26287
25618 26259 26260 26289 26288
25619 26260 26261 26290 26289
25620 26261 26262 26291 26290
25621 26262 26263 26292 26291
25622 26263 26264 26293 26292
25623 26264 26265 26294 26293
25624 26265 26266 26295 26294
25625 26266 26267 26296 26295
25626 26267 26268 26297 26296
25627 26268 26269 26298 26297
25628 26269 26270 26299 26298
25629 26270 26271 26300 26299
25630 26271 26272 26301 26300
25631 26272 26273 26302 26301
25632 26273 26274 26303 26302
25633 26274 26275 26304 26303
25634 26275 26276 26305 26304
25635 26276 26277 26306 26305
25636 26277 26278 26307 26306
26676 26307 26189 26188 26336
26735 25941 26279 26308 25940
26764 26279 26280 26309 26308
26765 26280 26281 26310 26309
26766 26281 26282 26311 26310
26767 26282 26283 26312 26311
26768 26283 26284 26313 26312
26769 26284 26285 26314 26313
26770 26285 26286 26315 26314
26771 26286 26287 26316 26315
26772 26287 26288 26317 26316
26773 26288 26289 26318 26317
26774 26289 26290 26319 26318
26775 26290 26291 26320 26319
26776 26291 26292 26321 26320
26777 26292 26293 26322 26321
26778 26293 26294 26323 26322
26779 26294 26295 26324 26323
26780 26295 26296 26325 26324
26781 26296 26297 26326 26325
26782 26297 26298 26327 26326
26783 26298 26299 26328 26327
26784 26299 26300 26329 26328
26785 26300 26301 26330 26329
26786 26301 26302 26331 26330
26787 26302 26303 26332 26331
26788 26303 26304 26333 26332
26789 26304 26305 26334 26333
26790 26305 26306 26335 26334
26791 26306 26307 26336 26335
27831 26336 26188 26187 26365
27890 25940 26308 26337 25939
27919 26308 26309 26338 26337
27920 26309 26310 26339 26338
27921 26310 26311 26340 26339
27922 26311 26312 26341 26340
27923 26312 26313 26342 26341
27924 26313 26314 26343 26342
27925 26314 26315 26344 26343
27926 26315 26316 26345 26344
27927 26316 26317 26346 26345
27928 26317 26318 26347 26346
27929 26318 26319 26348 26347
27930 26319 26320 26349 26348
27931 26320 26321 26350 26349
27932 26321 26322 26351 26350
27933 26322 26323 26352 26351
27934 26323 26324 26353 26352
27935 26324 26325 26354 26353
27936 26325 26326 26355 26354
27937 26326 26327 26356 26355
27938 26327 26328 26357 26356
27939 26328 26329 26358 26357
27940 26329 26330 26359 26358
27941 26330 26331 26360 26359
27942 26331 26332 26361 26360
27943 26332 26333 26362 26361
27944 26333 26334 26363 26362
27945 26334 26335 26364 26363
27946 26335 26336 26365 26364
28986 26365 26187 26186 26394
29045 25939 26337 26366 25938
29074 26337 26338 26367 26366
29075 26338 26339 26368 26367
29076 26339 26340 26369 26368
29077 26340 26341 26370 26369
29078 26341 26342 26371 26370
29079 26342 26343 26372 26371
29080 26343 26344 26373 26372
29081 26344 26345 26374 26373
29082 26345 26346 26375 26374
29083 26346 26347 26376 26375
29084 26347 26348 26377 26376
29085 26348 26349 26378 26377
29086 26349 26350 26379 26378
29087 26350 26351 26380 26379
29088 26351 26352 26381 26380
29089 26352 26353 26382 26381
29090 26353 26354 26383 26382
29091 26354 26355 26384 26383
29092 26355 26356 26385 26384
29093 26356 26357 26386 26385
29094 26357 26358 26387 26386
29095 26358 26359 26388 26387
29096 26359 26360 26389 26388
29097 26360 26361 26390 26389
29098 26361 26362 26391 26390
29099 26362 26363 26392 26391
29100 26363 26364 26393 26392
29101 26364 26365 26394 26393
30141 26394 26186 26185 26423
30200 25938 26366 26395 25937
30229 26366 26367 26396 26395
30230 26367 26368 26397 26396
30231 26368 26369 26398 26397
30232 26369 26370 26399 26398
30233 26370 26371 26400 26399
30234 26371 26372 26401 26400
30235 26372 26373 26402 26401
30236 26373 26374 26403 26402
30237 26374 26375 26404 26403
30238 26375 26376 26405 26404
30239 26376 26377 26406 26405
30240 26377 26378 26407 26406
30241 26378 26379 26408 26407
30242 26379 26380 26409 26408
30243 26380 26381 26410 26409
30244 26381 26382 26411 26410
30245 26382 26383 26412 26411
30246 26383 26384 26413 26412
30247 26384 26385 26414 26413
30248 26385 26386 26415 26414
30249 26386 26387 26416 26415
30250 26387 26388 26417 26416
30251 26388 26389 26418 26417
30252 26389 26390 26419 26418
30253 26390 26391 26420 26419
30254 26391 26392 26421 26420
30255 26392 26393 26422 26421
30256 26393 26394 26423 26422
31296 26423 26185 26184 26192
31355 25937 26395 26220 25936
31384 26395 26396 26219 26220
31385 26396 26397 26218 26219
31386 26397 26398 26217 26218
31387 26398 26399 26216 26217
31388 26399 26400 26215 26216
31389 26400 26401 26214 26215
31390 26401 26402 26213 26214
31391 26402 26403 26212 26213
31392 26403 26404 26211 26212
31393 26404 26405 26210 26211
31394 26405 26406 26209 26210
31395 26406 26407 26208 26209
31396 26407 26408 26207 26208
31397 26408 26409 26206 26207
31398 26409 26410 26205 26206
31399 26410 26411 26204 26205
31400 26411 26412 26203 26204
31401 26412 26413 26202 26203
31402 26413 26414 26201 26202
31403 26414 26415 26200 26201
31404 26415 26416 26199 26200
31405 26416 26417 26198 26199
31406 26417 26418 26197 26198
31407 26418 26419 26196 26197
31408 26419 26420 26195 26196
31409 26420 26421 26194 26195
31410 26421 26422 26193 26194
31411 26422 26423 26192 26193
