      1155
11551 14724 14665 14664 14663
11552 14723 14724 14663 14662
11553 14722 14723 14662 14661
11554 14659 14722 14661 14660
11555 14721 14666 14665 14724
11556 14720 14721 14724 14723
11557 14719 14720 14723 14722
11558 14658 14719 14722 14659
11559 14718 14667 14666 14721
11560 14717 14718 14721 14720
11561 14716 14717 14720 14719
11562 14657 14716 14719 14658
11563 14715 14668 14667 14718
11564 14714 14715 14718 14717
11565 14713 14714 14717 14716
11566 14656 14713 14716 14657
11567 14712 14669 14668 14715
11568 14711 14712 14715 14714
11569 14710 14711 14714 14713
11570 14655 14710 14713 14656
11571 14709 14670 14669 14712
11572 14708 14709 14712 14711
11573 14707 14708 14711 14710
11574 14654 14707 14710 14655
11575 14706 14671 14670 14709
11576 14705 14706 14709 14708
11577 14704 14705 14708 14707
11578 14653 14704 14707 14654
11579 14703 14672 14671 14706
11580 14702 14703 14706 14705
11581 14701 14702 14705 14704
11582 14652 14701 14704 14653
11583 14700 14673 14672 14703
11584 14699 14700 14703 14702
11585 14698 14699 14702 14701
11586 14651 14698 14701 14652
11587 14697 14674 14673 14700
11588 14696 14697 14700 14699
11589 14695 14696 14699 14698
11590 14650 14695 14698 14651
11591 14694 14675 14674 14697
11592 14693 14694 14697 14696
11593 14692 14693 14696 14695
11594 14649 14692 14695 14650
11595 14691 14676 14675 14694
11596 14690 14691 14694 14693
11597 14689 14690 14693 14692
11598 14648 14689 14692 14649
11599 14688 14677 14676 14691
11600 14687 14688 14691 14690
11601 14686 14687 14690 14689
11602 14647 14686 14689 14648
11603 14685 14678 14677 14688
11604 14684 14685 14688 14687
11605 14683 14684 14687 14686
11606 14646 14683 14686 14647
11607 14682 14679 14678 14685
11608 14681 14682 14685 14684
11609 14680 14681 14684 14683
11610 14645 14680 14683 14646
11611 14641 14640 14679 14682
11612 14642 14641 14682 14681
11613 14643 14642 14681 14680
11614 14644 14643 14680 14645
11615 14679 14640 14639 14637
11616 14678 14679 14637 14636
11617 14677 14678 14636 14635
11618 14676 14677 14635 14634
11619 14675 14676 14634 14633
11620 14674 14675 14633 14632
11621 14673 14674 14632 14631
11622 14672 14673 14631 14630
11623 14671 14672 14630 14629
11624 14670 14671 14629 14628
11625 14669 14670 14628 14627
11626 14668 14669 14627 14626
11627 14667 14668 14626 14625
11628 14666 14667 14625 14624
11629 14665 14666 14624 14623
11630 14664 14665 14623 14622
11631 14620 14664 14622 14621
11632 14663 14664 14620 14619
11633 14662 14663 14619 14618
11634 14661 14662 14618 14617
11635 14660 14661 14617 14616
11636 14614 14660 14616 14615
11637 14659 14660 14614 14613
11638 14658 14659 14613 14612
11639 14657 14658 14612 14611
11640 14656 14657 14611 14610
11641 14655 14656 14610 14609
11642 14654 14655 14609 14608
11643 14653 14654 14608 14607
11644 14652 14653 14607 14606
11645 14651 14652 14606 14605
11646 14650 14651 14605 14604
11647 14649 14650 14604 14603
11648 14648 14649 14603 14602
11649 14647 14648 14602 14601
11650 14646 14647 14601 14600
11651 14645 14646 14600 14599
11652 14644 14645 14599 14598
11653 14596 14644 14598 14597
11654 14643 14644 14596 14595
11655 14642 14643 14595 14594
11656 14641 14642 14594 14593
11657 14640 14641 14593 14592
11658 14639 14640 14592 14591
11659 14589 14639 14591 14590
11660 14637 14639 14589 14446
11661 7370 7363 7583 14559
11662 7371 7370 14559 14558
11663 7372 7371 14558 14557
11664 7373 7372 14557 14556
11665 7374 7373 14556 14555
11666 7375 7374 14555 14554
11667 7376 7375 14554 14553
11668 7377 7376 14553 14552
11669 7378 7377 14552 14551
11670 7379 7378 14551 14550
11671 7380 7379 14550 14549
11672 7381 7380 14549 14548
11673 7382 7381 14548 14547
11674 7383 7382 14547 14546
11675 7384 7383 14546 14545
11676 7385 7384 14545 14544
11677 7386 7385 14544 14543
11678 7387 7386 14543 14542
11679 7388 7387 14542 14541
11680 7389 7388 14541 14540
11681 7390 7389 14540 14539
11682 7391 7390 14539 14538
11683 7392 7391 14538 14537
11684 7393 7392 14537 14536
11685 7394 7393 14536 14535
11686 7395 7394 14535 14534
11687 7396 7395 14534 14533
11688 7397 7396 14533 14531
11689 7398 7397 14531 14532
11690 7369 7398 14532 7987
11691 7813 7807 8015 14588
11692 7814 7813 14588 14587
11693 7815 7814 14587 14586
11694 7816 7815 14586 14585
11695 7817 7816 14585 14584
11696 7818 7817 14584 14583
11697 7819 7818 14583 14582
11698 7820 7819 14582 14581
11699 7821 7820 14581 14580
11700 7822 7821 14580 14579
11701 7823 7822 14579 14578
11702 7824 7823 14578 14577
11703 7825 7824 14577 14576
11704 7826 7825 14576 14575
11705 7827 7826 14575 14574
11706 7828 7827 14574 14573
11707 7829 7828 14573 14572
11708 7830 7829 14572 14571
11709 7831 7830 14571 14570
11710 7832 7831 14570 14569
11711 7833 7832 14569 14568
11712 7834 7833 14568 14567
11713 7835 7834 14567 14566
11714 7836 7835 14566 14565
11715 7837 7836 14565 14564
11716 7838 7837 14564 14563
11717 7839 7838 14563 14562
11718 7840 7839 14562 14560
11719 7841 7840 14560 14561
11720 7549 7841 14561 7555
11721 7988 7987 14532 14530
11722 7989 7988 14530 14529
11723 7990 7989 14529 14528
11724 7991 7990 14528 14527
11725 7992 7991 14527 14526
11726 7993 7992 14526 14525
11727 7994 7993 14525 14524
11728 7995 7994 14524 14523
11729 7996 7995 14523 14522
11730 7997 7996 14522 14521
11731 7998 7997 14521 14520
11732 7999 7998 14520 14519
11733 8000 7999 14519 14518
11734 8001 8000 14518 14517
11735 8002 8001 14517 14516
11736 8003 8002 14516 14515
11737 8004 8003 14515 14514
11738 8005 8004 14514 14513
11739 8006 8005 14513 14512
11740 8007 8006 14512 14511
11741 8008 8007 14511 14510
11742 8009 8008 14510 14509
11743 8010 8009 14509 14508
11744 8011 8010 14508 14507
11745 8012 8011 14507 14506
11746 8013 8012 14506 14504
11747 8014 8013 14504 14505
11748 8015 8014 14505 14588
11749 7556 7555 14561 14503
11750 7557 7556 14503 14502
11751 7558 7557 14502 14501
11752 7559 7558 14501 14500
11753 7560 7559 14500 14499
11754 7561 7560 14499 14498
11755 7562 7561 14498 14497
11756 7563 7562 14497 14496
11757 7564 7563 14496 14495
11758 7565 7564 14495 14494
11759 7566 7565 14494 14493
11760 7567 7566 14493 14492
11761 7568 7567 14492 14491
11762 7569 7568 14491 14490
11763 7570 7569 14490 14489
11764 7571 7570 14489 14488
11765 7572 7571 14488 14487
11766 7573 7572 14487 14486
11767 7574 7573 14486 14485
11768 7575 7574 14485 14484
11769 7576 7575 14484 14483
11770 7577 7576 14483 14482
11771 7578 7577 14482 14481
11772 7579 7578 14481 14480
11773 7580 7579 14480 14479
11774 7581 7580 14479 14477
11775 7582 7581 14477 14478
11776 7583 7582 14478 14559
11777 7736 7729 14638 14476
11778 7737 7736 14476 14475
11779 7738 7737 14475 14474
11780 7739 7738 14474 14473
11781 7740 7739 14473 14472
11782 7741 7740 14472 14471
11783 7742 7741 14471 14470
11784 7743 7742 14470 14469
11785 7744 7743 14469 14468
11786 7745 7744 14468 14467
11787 7746 7745 14467 14466
11788 14465 7735 7746 14466
11789 14463 7735 14465 14464
11790 14461 7735 14463 14462
11791 8161 7735 14461 13719
11792 8162 8161 13719 13717
11793 8163 8162 13717 13718
11794 8164 8163 13718 14460
11795 8165 8164 14460 14459
11796 8166 8165 14459 14458
11797 8167 8166 14458 14457
11798 8168 8167 14457 14456
11799 8169 8168 14456 14455
11800 8170 8169 14455 14454
11801 8171 8170 14454 14453
11802 7729 8171 14453 14452
11803 14450 7729 14452 14451
11804 14638 7729 14450 14449
11805 14447 14638 14449 14448
11806 14476 14638 14447 14288
11807 14636 14637 14446 14445
11808 14635 14636 14445 14444
11809 14634 14635 14444 14443
11810 14633 14634 14443 14442
11811 14632 14633 14442 14441
11812 14631 14632 14441 14440
11813 14630 14631 14440 14439
11814 14629 14630 14439 14438
11815 14628 14629 14438 14437
11816 14627 14628 14437 14436
11817 14626 14627 14436 14435
11818 14625 14626 14435 14434
11819 14624 14625 14434 14433
11820 14623 14624 14433 14432
11821 14622 14623 14432 14431
11822 14621 14622 14431 14430
11823 14428 14621 14430 14429
11824 14620 14621 14428 14427
11825 14619 14620 14427 14426
11826 14618 14619 14426 14425
11827 14617 14618 14425 14424
11828 14616 14617 14424 14423
11829 14615 14616 14423 14422
11830 14420 14615 14422 14421
11831 14614 14615 14420 14419
11832 14613 14614 14419 14418
11833 14612 14613 14418 14417
11834 14611 14612 14417 14416
11835 14610 14611 14416 14415
11836 14609 14610 14415 14414
11837 14608 14609 14414 14413
11838 14607 14608 14413 14412
11839 14606 14607 14412 14411
11840 14605 14606 14411 14410
11841 14604 14605 14410 14409
11842 14603 14604 14409 14407
11843 14602 14603 14407 14408
11844 14601 14602 14408 14406
11845 14600 14601 14406 14404
11846 14599 14600 14404 14405
11847 14598 14599 14405 14403
11848 14597 14598 14403 14402
11849 14400 14597 14402 14401
11850 14596 14597 14400 14399
11851 14595 14596 14399 14398
11852 14594 14595 14398 14397
11853 14593 14594 14397 14396
11854 14592 14593 14396 14395
11855 14591 14592 14395 14394
11856 14590 14591 14394 14393
11857 13665 14590 14393 13664
11858 14589 14590 13665 13666
11859 14446 14589 13666 14248
11860 14587 14588 14505 14367
11861 14586 14587 14367 14313
11862 14585 14586 14313 14312
11863 14584 14585 14312 14311
11864 14583 14584 14311 14310
11865 14582 14583 14310 14309
11866 14581 14582 14309 14308
11867 14580 14581 14308 14307
11868 14579 14580 14307 14306
11869 14578 14579 14306 14305
11870 14577 14578 14305 14304
11871 14576 14577 14304 14303
11872 14575 14576 14303 14302
11873 14574 14575 14302 14301
11874 14573 14574 14301 14300
11875 14572 14573 14300 14299
11876 14571 14572 14299 14298
11877 14570 14571 14298 14297
11878 14569 14570 14297 14296
11879 14568 14569 14296 14295
11880 14567 14568 14295 14294
11881 14566 14567 14294 14293
11882 14565 14566 14293 14292
11883 14564 14565 14292 14291
11884 14563 14564 14291 14289
11885 14562 14563 14289 14290
11886 14560 14562 14290 14365
11887 14561 14560 14365 14503
11888 14558 14559 14478 14340
11889 14557 14558 14340 14338
11890 14556 14557 14338 14337
11891 14555 14556 14337 14336
11892 14554 14555 14336 14335
11893 14553 14554 14335 14334
11894 14552 14553 14334 14333
11895 14551 14552 14333 14332
11896 14550 14551 14332 14331
11897 14549 14550 14331 14330
11898 14548 14549 14330 14329
11899 14547 14548 14329 14328
11900 14546 14547 14328 14327
11901 14545 14546 14327 14326
11902 14544 14545 14326 14325
11903 14543 14544 14325 14324
11904 14542 14543 14324 14323
11905 14541 14542 14323 14322
11906 14540 14541 14322 14321
11907 14539 14540 14321 14320
11908 14538 14539 14320 14319
11909 14537 14538 14319 14318
11910 14536 14537 14318 14317
11911 14535 14536 14317 14316
11912 14534 14535 14316 14314
11913 14533 14534 14314 14315
11914 14531 14533 14315 14392
11915 14532 14531 14392 14530
11916 14529 14530 14392 14391
11917 14528 14529 14391 14390
11918 14527 14528 14390 14389
11919 14526 14527 14389 14388
11920 14525 14526 14388 14387
11921 14524 14525 14387 14386
11922 14523 14524 14386 14385
11923 14522 14523 14385 14384
11924 14521 14522 14384 14383
11925 14520 14521 14383 14382
11926 14519 14520 14382 14381
11927 14518 14519 14381 14380
11928 14517 14518 14380 14379
11929 14516 14517 14379 14378
11930 14515 14516 14378 14377
11931 14514 14515 14377 14376
11932 14513 14514 14376 14375
11933 14512 14513 14375 14374
11934 14511 14512 14374 14373
11935 14510 14511 14373 14372
11936 14509 14510 14372 14371
11937 14508 14509 14371 14370
11938 14507 14508 14370 14369
11939 14506 14507 14369 14368
11940 14504 14506 14368 14366
11941 14505 14504 14366 14367
11942 14502 14503 14365 14364
11943 14501 14502 14364 14363
11944 14500 14501 14363 14362
11945 14499 14500 14362 14361
11946 14498 14499 14361 14360
11947 14497 14498 14360 14359
11948 14496 14497 14359 14358
11949 14495 14496 14358 14357
11950 14494 14495 14357 14356
11951 14493 14494 14356 14355
11952 14492 14493 14355 14354
11953 14491 14492 14354 14353
11954 14490 14491 14353 14352
11955 14489 14490 14352 14351
11956 14488 14489 14351 14350
11957 14487 14488 14350 14349
11958 14486 14487 14349 14348
11959 14485 14486 14348 14347
11960 14484 14485 14347 14346
11961 14483 14484 14346 14345
11962 14482 14483 14345 14344
11963 14481 14482 14344 14343
11964 14480 14481 14343 14342
11965 14479 14480 14342 14341
11966 14477 14479 14341 14339
11967 14478 14477 14339 14340
11968 14475 14476 14288 14287
11969 14474 14475 14287 14286
11970 14473 14474 14286 14285
11971 14472 14473 14285 14284
11972 14471 14472 14284 14283
11973 14470 14471 14283 14282
11974 14469 14470 14282 14281
11975 14468 14469 14281 14280
11976 14467 14468 14280 14279
11977 14466 14467 14279 14278
11978 14465 14466 14278 14277
11979 14464 14465 14277 14276
11980 14274 14464 14276 14275
11981 14463 14464 14274 14273
11982 14462 14463 14273 14272
11983 14268 14462 14272 14270
11984 14461 14462 14268 14265
11985 13719 14461 14265 13720
11986 14460 13718 13715 14264
11987 14459 14460 14264 14162
11988 14458 14459 14162 14163
11989 14457 14458 14163 14263
11990 14456 14457 14263 14262
11991 14455 14456 14262 14261
11992 14454 14455 14261 14260
11993 14453 14454 14260 14259
11994 14452 14453 14259 14258
11995 14451 14452 14258 14257
11996 14255 14451 14257 14256
11997 14450 14451 14255 14254
11998 14449 14450 14254 14253
11999 14448 14449 14253 14252
12000 14250 14448 14252 14251
12001 14447 14448 14250 14249
12002 14288 14447 14249 14094
12003 14445 14446 14248 14247
12004 14444 14445 14247 14246
12005 14443 14444 14246 14245
12006 14442 14443 14245 14244
12007 14441 14442 14244 14243
12008 14440 14441 14243 14242
12009 14439 14440 14242 14241
12010 14438 14439 14241 14240
12011 14437 14438 14240 14239
12012 14436 14437 14239 14238
12013 14435 14436 14238 14237
12014 14434 14435 14237 14236
12015 14433 14434 14236 14235
12016 14432 14433 14235 14234
12017 14431 14432 14234 14233
12018 14430 14431 14233 14232
12019 14429 14430 14232 14231
12020 14229 14429 14231 14230
12021 14428 14429 14229 14228
12022 14427 14428 14228 14227
12023 14426 14427 14227 14226
12024 14425 14426 14226 14225
12025 14424 14425 14225 14224
12026 14423 14424 14224 14223
12027 14422 14423 14223 14222
12028 14421 14422 14222 14221
12029 14192 14421 14221 14219
12030 14420 14421 14192 14193
12031 14419 14420 14193 14190
12032 14418 14419 14190 14165
12033 14417 14418 14165 14160
12034 14416 14417 14160 14161
12035 14415 14416 14161 14158
12036 14414 14415 14158 14154
12037 14413 14414 14154 14155
12038 14412 14413 14155 14156
12039 14411 14412 14156 13715
12040 14410 14411 13715 13716
12041 14409 14410 13716 13720
12042 14407 14409 13720 14266
12043 14408 14407 14266 14406
12044 14404 14406 14266 14267
12045 14405 14404 14267 14403
12046 14402 14403 14267 14269
12047 14401 14402 14269 14271
12048 14065 14401 14271 14068
12049 14400 14401 14065 14063
12050 14399 14400 14063 14061
12051 14398 14399 14061 14060
12052 14397 14398 14060 14059
12053 14396 14397 14059 14058
12054 14395 14396 14058 13653
12055 14394 14395 13653 13649
12056 14393 14394 13649 13650
12057 13664 14393 13650 13651
12058 14248 13666 13663 14057
12059 14391 14392 14315 14167
12060 14390 14391 14167 14153
12061 14389 14390 14153 14152
12062 14388 14389 14152 14151
12063 14387 14388 14151 14150
12064 14386 14387 14150 14149
12065 14385 14386 14149 14148
12066 14384 14385 14148 14147
12067 14383 14384 14147 14146
12068 14382 14383 14146 14145
12069 14381 14382 14145 14144
12070 14380 14381 14144 14143
12071 14379 14380 14143 14142
12072 14378 14379 14142 14141
12073 14377 14378 14141 14140
12074 14376 14377 14140 14139
12075 14375 14376 14139 14138
12076 14374 14375 14138 14137
12077 14373 14374 14137 14136
12078 14372 14373 14136 14135
12079 14371 14372 14135 14134
12080 14370 14371 14134 14133
12081 14369 14370 14133 14132
12082 14368 14369 14132 14130
12083 14366 14368 14130 14131
12084 14367 14366 14131 14313
12085 14364 14365 14290 14218
12086 14363 14364 14218 14217
12087 14362 14363 14217 14216
12088 14361 14362 14216 14215
12089 14360 14361 14215 14214
12090 14359 14360 14214 14213
12091 14358 14359 14213 14212
12092 14357 14358 14212 14211
12093 14356 14357 14211 14210
12094 14355 14356 14210 14209
12095 14354 14355 14209 14208
12096 14353 14354 14208 14207
12097 14352 14353 14207 14206
12098 14351 14352 14206 14205
12099 14350 14351 14205 14204
12100 14349 14350 14204 14203
12101 14348 14349 14203 14202
12102 14347 14348 14202 14201
12103 14346 14347 14201 14200
12104 14345 14346 14200 14199
12105 14344 14345 14199 14198
12106 14343 14344 14198 14197
12107 14342 14343 14197 14196
12108 14341 14342 14196 14194
12109 14339 14341 14194 14195
12110 14340 14339 14195 14338
12111 14337 14338 14195 14189
12112 14336 14337 14189 14188
12113 14335 14336 14188 14187
12114 14334 14335 14187 14186
12115 14333 14334 14186 14185
12116 14332 14333 14185 14184
12117 14331 14332 14184 14183
12118 14330 14331 14183 14182
12119 14329 14330 14182 14181
12120 14328 14329 14181 14180
12121 14327 14328 14180 14179
12122 14326 14327 14179 14178
12123 14325 14326 14178 14177
12124 14324 14325 14177 14176
12125 14323 14324 14176 14175
12126 14322 14323 14175 14174
12127 14321 14322 14174 14173
12128 14320 14321 14173 14172
12129 14319 14320 14172 14171
12130 14318 14319 14171 14170
12131 14317 14318 14170 14169
12132 14316 14317 14169 14168
12133 14314 14316 14168 14166
12134 14315 14314 14166 14167
12135 14312 14313 14131 14129
12136 14311 14312 14129 14128
12137 14310 14311 14128 14127
12138 14309 14310 14127 14126
12139 14308 14309 14126 14125
12140 14307 14308 14125 14124
12141 14306 14307 14124 14123
12142 14305 14306 14123 14122
12143 14304 14305 14122 14121
12144 14303 14304 14121 13713
12145 14302 14303 13713 13685
12146 14301 14302 13685 13689
12147 14300 14301 13689 13691
12148 14299 14300 13691 13684
12149 14298 14299 13684 13682
12150 14297 14298 13682 13683
12151 14296 14297 13683 14120
12152 14295 14296 14120 14119
12153 14294 14295 14119 14118
12154 14293 14294 14118 14117
12155 14292 14293 14117 14116
12156 14291 14292 14116 14114
12157 14289 14291 14114 14115
12158 14290 14289 14115 14218
12159 14287 14288 14094 14093
12160 14286 14287 14093 14092
12161 14285 14286 14092 14091
12162 14284 14285 14091 14090
12163 14283 14284 14090 14089
12164 14282 14283 14089 14088
12165 14281 14282 14088 14087
12166 14280 14281 14087 14086
12167 14279 14280 14086 14085
12168 14278 14279 14085 14084
12169 14277 14278 14084 14083
12170 14276 14277 14083 14082
12171 14275 14276 14082 14081
12172 14077 14275 14081 14079
12173 14274 14275 14077 14075
12174 14273 14274 14075 14073
12175 14272 14273 14073 14071
12176 14270 14272 14071 14069
12177 14271 14270 14069 14068
12178 14268 14270 14271 14269
12179 14265 14268 14269 14267
12180 13720 14265 14267 14266
12181 14264 13715 14156 14157
12182 14162 14264 14157 14159
12183 14263 14163 14164 14191
12184 14262 14263 14191 14220
12185 14261 14262 14220 14027
12186 14260 14261 14027 14025
12187 14259 14260 14025 14024
12188 14258 14259 14024 14023
12189 14257 14258 14023 14022
12190 14256 14257 14022 14021
12191 14019 14256 14021 14020
12192 14255 14256 14019 14018
12193 14254 14255 14018 14017
12194 14253 14254 14017 14016
12195 14252 14253 14016 14015
12196 14251 14252 14015 14014
12197 14012 14251 14014 14013
12198 14250 14251 14012 14011
12199 14249 14250 14011 14010
12200 14094 14249 14010 14009
12201 14247 14248 14057 14056
12202 14246 14247 14056 14055
12203 14245 14246 14055 14054
12204 14244 14245 14054 14053
12205 14243 14244 14053 14052
12206 14242 14243 14052 14051
12207 14241 14242 14051 14050
12208 14240 14241 14050 14049
12209 14239 14240 14049 14048
12210 14238 14239 14048 14047
12211 14237 14238 14047 14046
12212 14236 14237 14046 14045
12213 14235 14236 14045 14044
12214 14234 14235 14044 14043
12215 14233 14234 14043 14042
12216 14232 14233 14042 14041
12217 14231 14232 14041 14040
12218 14230 14231 14040 14039
12219 14037 14230 14039 14038
12220 14229 14230 14037 14036
12221 14228 14229 14036 14035
12222 14227 14228 14035 14034
12223 14226 14227 14034 14033
12224 14225 14226 14033 14032
12225 14224 14225 14032 14031
12226 14223 14224 14031 14030
12227 14222 14223 14030 14029
12228 14221 14222 14029 14028
12229 14219 14221 14028 14026
12230 14220 14219 14026 14027
12231 14192 14219 14220 14191
12232 14217 14218 14115 14113
12233 14216 14217 14113 13661
12234 14215 14216 13661 13658
12235 14214 14215 13658 13659
12236 14213 14214 13659 13699
12237 14212 14213 13699 14112
12238 14211 14212 14112 14111
12239 14210 14211 14111 14110
12240 14209 14210 14110 14109
12241 14208 14209 14109 14108
12242 14207 14208 14108 14107
12243 14206 14207 14107 14106
12244 14205 14206 14106 14105
12245 14204 14205 14105 14104
12246 14203 14204 14104 14103
12247 14202 14203 14103 14102
12248 14201 14202 14102 14101
12249 14200 14201 14101 14100
12250 14199 14200 14100 14099
12251 14198 14199 14099 14098
12252 14197 14198 14098 14097
12253 14196 14197 14097 14095
12254 14194 14196 14095 14096
12255 14195 14194 14096 14189
12256 14193 14192 14191 14190
12257 14165 14190 14191 14164
12258 14188 14189 14096 13941
12259 14187 14188 13941 13940
12260 14186 14187 13940 13939
12261 14185 14186 13939 13938
12262 14184 14185 13938 13937
12263 14183 14184 13937 13936
12264 14182 14183 13936 13935
12265 14181 14182 13935 13934
12266 14180 14181 13934 13933
12267 14179 14180 13933 13932
12268 14178 14179 13932 13931
12269 14177 14178 13931 13930
12270 14176 14177 13930 13929
12271 14175 14176 13929 13928
12272 14174 14175 13928 13927
12273 14173 14174 13927 13926
12274 14172 14173 13926 13925
12275 14171 14172 13925 13924
12276 14170 14171 13924 13923
12277 14169 14170 13923 13921
12278 14168 14169 13921 13922
12279 14166 14168 13922 13950
12280 14167 14166 13950 14153
12281 14160 14165 14164 14159
12282 14163 14162 14159 14164
12283 14161 14160 14159 14158
12284 14154 14158 14159 14157
12285 14155 14154 14157 14156
12286 14152 14153 13950 13949
12287 14151 14152 13949 13948
12288 14150 14151 13948 13947
12289 14149 14150 13947 13946
12290 14148 14149 13946 13945
12291 14147 14148 13945 13944
12292 14146 14147 13944 13910
12293 14145 14146 13910 13906
12294 14144 14145 13906 13901
12295 14143 14144 13901 13902
12296 14142 14143 13902 13903
12297 14141 14142 13903 13920
12298 14140 14141 13920 13943
12299 14139 14140 13943 13959
12300 14138 14139 13959 13961
12301 14137 14138 13961 13957
12302 14136 14137 13957 13956
12303 14135 14136 13956 13955
12304 14134 14135 13955 13954
12305 14133 14134 13954 13953
12306 14132 14133 13953 13951
12307 14130 14132 13951 13952
12308 14131 14130 13952 14129
12309 14128 14129 13952 13918
12310 14127 14128 13918 13917
12311 14126 14127 13917 13916
12312 14125 14126 13916 13915
12313 14124 14125 13915 13914
12314 14123 14124 13914 13913
12315 14122 14123 13913 13912
12316 14121 14122 13912 13908
12317 13713 14121 13908 13712
12318 14120 13683 13680 13889
12319 14119 14120 13889 13887
12320 14118 14119 13887 13885
12321 14117 14118 13885 13708
12322 14116 14117 13708 13709
12323 14114 14116 13709 13858
12324 14115 14114 13858 14113
12325 13661 14113 13858 13660
12326 14112 13699 13700 14062
12327 14111 14112 14062 14064
12328 14110 14111 14064 14066
12329 14109 14110 14066 14067
12330 14108 14109 14067 14070
12331 14107 14108 14070 14072
12332 14106 14107 14072 14074
12333 14105 14106 14074 14076
12334 14104 14105 14076 14078
12335 14103 14104 14078 14080
12336 14102 14103 14080 13995
12337 14101 14102 13995 13860
12338 14100 14101 13860 13852
12339 14099 14100 13852 13851
12340 14098 14099 13851 13850
12341 14097 14098 13850 13848
12342 14095 14097 13848 13849
12343 14096 14095 13849 13941
12344 14093 14094 14009 14008
12345 14092 14093 14008 14007
12346 14091 14092 14007 14006
12347 14090 14091 14006 14005
12348 14089 14090 14005 14004
12349 14088 14089 14004 14003
12350 14087 14088 14003 14002
12351 14086 14087 14002 14001
12352 14085 14086 14001 14000
12353 14084 14085 14000 13999
12354 14083 14084 13999 13998
12355 14082 14083 13998 13997
12356 14081 14082 13997 13996
12357 14079 14081 13996 13994
12358 14080 14079 13994 13995
12359 14077 14079 14080 14078
12360 14075 14077 14078 14076
12361 14073 14075 14076 14074
12362 14071 14073 14074 14072
12363 14069 14071 14072 14070
12364 14068 14069 14070 14067
12365 14068 14067 14066 14065
12366 14063 14065 14066 14064
12367 14061 14063 14064 14062
12368 14060 14061 14062 13700
12369 14059 14060 13700 13697
12370 14058 14059 13697 13698
12371 13653 14058 13698 13652
12372 13663 13664 13651 13656
12373 14057 13663 13656 13657
12374 14056 14057 13657 13710
12375 14055 14056 13710 13993
12376 14054 14055 13993 13992
12377 14053 14054 13992 13991
12378 14052 14053 13991 13990
12379 14051 14052 13990 13989
12380 14050 14051 13989 13988
12381 14049 14050 13988 13987
12382 14048 14049 13987 13986
12383 14047 14048 13986 13985
12384 14046 14047 13985 13984
12385 14045 14046 13984 13983
12386 14044 14045 13983 13982
12387 14043 14044 13982 13981
12388 14042 14043 13981 13711
12389 14041 14042 13711 13706
12390 14040 14041 13706 13704
12391 14039 14040 13704 13705
12392 14038 14039 13705 13980
12393 13978 14038 13980 13979
12394 14037 14038 13978 13977
12395 14036 14037 13977 13976
12396 14035 14036 13976 13975
12397 14034 14035 13975 13974
12398 14033 14034 13974 13973
12399 14032 14033 13973 13972
12400 14031 14032 13972 13971
12401 14030 14031 13971 13970
12402 14029 14030 13970 13969
12403 14028 14029 13969 13967
12404 14026 14028 13967 13968
12405 14027 14026 13968 14025
12406 14024 14025 13968 13966
12407 14023 14024 13966 13965
12408 14022 14023 13965 13964
12409 14021 14022 13964 13963
12410 14020 14021 13963 13962
12411 13958 14020 13962 13960
12412 14019 14020 13958 13942
12413 14018 14019 13942 13919
12414 14017 14018 13919 13904
12415 14016 14017 13904 13899
12416 14015 14016 13899 13900
12417 14014 14015 13900 13907
12418 14013 14014 13907 13911
12419 13878 14013 13911 13879
12420 14012 14013 13878 13877
12421 14011 14012 13877 13876
12422 14010 14011 13876 13875
12423 14009 14010 13875 13874
12424 14008 14009 13874 13873
12425 14007 14008 13873 13872
12426 14006 14007 13872 13871
12427 14005 14006 13871 13870
12428 14004 14005 13870 13869
12429 14003 14004 13869 13868
12430 14002 14003 13868 13867
12431 14001 14002 13867 13866
12432 14000 14001 13866 13865
12433 13999 14000 13865 13864
12434 13998 13999 13864 13863
12435 13997 13998 13863 13862
12436 13996 13997 13862 13861
12437 13994 13996 13861 13859
12438 13995 13994 13859 13860
12439 13652 13698 13655 13648
12440 13656 13651 13648 13655
12441 13993 13710 13707 13886
12442 13992 13993 13886 13888
12443 13991 13992 13888 13890
12444 13990 13991 13890 13681
12445 13989 13990 13681 13677
12446 13988 13989 13677 13678
12447 13987 13988 13678 13898
12448 13985 13986 13987 13898
12449 13984 13985 13898 13714
12450 13983 13984 13714 13696
12451 13982 13983 13696 13695
12452 13981 13982 13695 13693
12453 13711 13981 13693 13694
12454 13980 13705 13703 13905
12455 13979 13980 13905 13909
12456 13823 13979 13909 13892
12457 13978 13979 13823 13822
12458 13977 13978 13822 13821
12459 13976 13977 13821 13820
12460 13975 13976 13820 13819
12461 13974 13975 13819 13818
12462 13973 13974 13818 13817
12463 13972 13973 13817 13816
12464 13971 13972 13816 13815
12465 13970 13971 13815 13813
12466 13969 13970 13813 13814
12467 13967 13969 13814 13857
12468 13968 13967 13857 13966
12469 13965 13966 13857 13856
12470 13964 13965 13856 13855
12471 13963 13964 13855 13853
12472 13962 13963 13853 13854
12473 13960 13962 13854 13884
12474 13961 13960 13884 13957
12475 13958 13960 13961 13959
12476 13942 13958 13959 13943
12477 13956 13957 13884 13883
12478 13955 13956 13883 13882
12479 13954 13955 13882 13880
12480 13953 13954 13880 13881
12481 13951 13953 13881 13897
12482 13952 13951 13897 13918
12483 13949 13950 13922 13847
12484 13948 13949 13847 13846
12485 13947 13948 13846 13845
12486 13946 13947 13845 13843
12487 13945 13946 13843 13844
12488 13944 13945 13844 13879
12489 13910 13944 13879 13911
12490 13919 13942 13943 13920
12491 13940 13941 13849 13842
12492 13939 13940 13842 13841
12493 13938 13939 13841 13840
12494 13937 13938 13840 13839
12495 13936 13937 13839 13838
12496 13935 13936 13838 13837
12497 13934 13935 13837 13836
12498 13933 13934 13836 13835
12499 13932 13933 13835 13834
12500 13931 13932 13834 13833
12501 13930 13931 13833 13832
12502 13929 13930 13832 13831
12503 13928 13929 13831 13830
12504 13927 13928 13830 13829
12505 13926 13927 13829 13828
12506 13925 13926 13828 13827
12507 13924 13925 13827 13826
12508 13923 13924 13826 13824
12509 13921 13923 13824 13825
12510 13922 13921 13825 13847
12511 13904 13919 13920 13903
12512 13917 13918 13897 13896
12513 13916 13917 13896 13895
12514 13915 13916 13895 13894
12515 13914 13915 13894 13893
12516 13913 13914 13893 13891
12517 13912 13913 13891 13892
12518 13908 13912 13892 13909
12519 13906 13910 13911 13907
12520 13712 13908 13909 13905
12521 13901 13906 13907 13900
12522 13688 13712 13905 13703
12523 13903 13902 13899 13904
12524 13900 13899 13902 13901
12525 13679 13714 13898 13678
12526 13896 13897 13881 13810
12527 13895 13896 13810 13808
12528 13894 13895 13808 13807
12529 13893 13894 13807 13805
12530 13891 13893 13805 13806
12531 13892 13891 13806 13823
12532 13889 13680 13681 13890
12533 13887 13889 13890 13888
12534 13885 13887 13888 13886
12535 13708 13885 13886 13707
12536 13883 13884 13854 13812
12537 13882 13883 13812 13811
12538 13880 13882 13811 13809
12539 13881 13880 13809 13810
12540 13878 13879 13844 13804
12541 13877 13878 13804 13803
12542 13876 13877 13803 13802
12543 13875 13876 13802 13801
12544 13874 13875 13801 13800
12545 13873 13874 13800 13799
12546 13872 13873 13799 13798
12547 13871 13872 13798 13797
12548 13870 13871 13797 13796
12549 13869 13870 13796 13795
12550 13868 13869 13795 13794
12551 13867 13868 13794 13793
12552 13866 13867 13793 13792
12553 13865 13866 13792 13791
12554 13864 13865 13791 13790
12555 13863 13864 13790 13789
12556 13862 13863 13789 13788
12557 13861 13862 13788 13786
12558 13859 13861 13786 13787
12559 13860 13859 13787 13852
12560 13858 13709 13662 13660
12561 13856 13857 13814 13762
12562 13855 13856 13762 13670
12563 13853 13855 13670 13675
12564 13854 13853 13675 13812
12565 13851 13852 13787 13785
12566 13850 13851 13785 13783
12567 13848 13850 13783 13784
12568 13849 13848 13784 13842
12569 13846 13847 13825 13766
12570 13845 13846 13766 13763
12571 13843 13845 13763 13764
12572 13844 13843 13764 13804
12573 13841 13842 13784 13782
12574 13840 13841 13782 13781
12575 13839 13840 13781 13780
12576 13838 13839 13780 13779
12577 13837 13838 13779 13778
12578 13836 13837 13778 13777
12579 13835 13836 13777 13776
12580 13834 13835 13776 13775
12581 13833 13834 13775 13774
12582 13832 13833 13774 13773
12583 13831 13832 13773 13772
12584 13830 13831 13772 13771
12585 13829 13830 13771 13770
12586 13828 13829 13770 13769
12587 13827 13828 13769 13768
12588 13826 13827 13768 13767
12589 13824 13826 13767 13765
12590 13825 13824 13765 13766
12591 13822 13823 13806 13761
12592 13821 13822 13761 13760
12593 13820 13821 13760 13759
12594 13819 13820 13759 13647
12595 13818 13819 13647 13643
12596 13817 13818 13643 13644
12597 13816 13817 13644 13645
12598 13815 13816 13645 13757
12599 13813 13815 13757 13758
12600 13814 13813 13758 13762
12601 13811 13812 13675 13673
12602 13809 13811 13673 13674
12603 13810 13809 13674 13808
12604 13807 13808 13674 13671
12605 13805 13807 13671 13672
12606 13806 13805 13672 13761
12607 13803 13804 13764 13755
12608 13802 13803 13755 13753
12609 13801 13802 13753 13751
12610 13800 13801 13751 13749
12611 13799 13800 13749 13745
12612 13798 13799 13745 13743
12613 13797 13798 13743 13741
12614 13796 13797 13741 13739
12615 13795 13796 13739 13737
12616 13794 13795 13737 13735
12617 13793 13794 13735 13733
12618 13792 13793 13733 13731
12619 13791 13792 13731 13729
12620 13790 13791 13729 13727
12621 13789 13790 13727 13726
12622 13788 13789 13726 13721
12623 13786 13788 13721 13722
12624 13787 13786 13722 13785
12625 13783 13785 13722 13723
12626 13784 13783 13723 13782
12627 13781 13782 13723 13724
12628 13780 13781 13724 13725
12629 13779 13780 13725 13728
12630 13778 13779 13728 13730
12631 13777 13778 13730 13732
12632 13776 13777 13732 13734
12633 13775 13776 13734 13736
12634 13774 13775 13736 13738
12635 13773 13774 13738 13740
12636 13772 13773 13740 13742
12637 13771 13772 13742 13744
12638 13770 13771 13744 13746
12639 13769 13770 13746 13750
12640 13768 13769 13750 13752
12641 13767 13768 13752 13754
12642 13765 13767 13754 13756
12643 13766 13765 13756 13763
12644 13764 13763 13756 13755
12645 13670 13762 13758 13669
12646 13760 13761 13672 13668
12647 13759 13760 13668 13748
12648 13647 13759 13748 13646
12649 13757 13645 13642 13747
12650 13758 13757 13747 13669
12651 13753 13755 13756 13754
12652 13751 13753 13754 13752
12653 13749 13751 13752 13750
12654 13748 13668 13669 13747
12655 13745 13749 13750 13746
12656 13747 13642 13646 13748
12657 13743 13745 13746 13744
12658 13741 13743 13744 13742
12659 13739 13741 13742 13740
12660 13737 13739 13740 13738
12661 13735 13737 13738 13736
12662 13733 13735 13736 13734
12663 13731 13733 13734 13732
12664 13729 13731 13732 13730
12665 13727 13729 13730 13728
12666 13726 13727 13728 13725
12667 13725 13724 13721 13726
12668 13722 13721 13724 13723
12669 13717 13719 13720 13716
12670 13716 13715 13718 13717
12671 13679 13684 13691 13692
12672 13714 13679 13692 13696
12673 13712 13688 13685 13713
12674 13711 13694 13701 13706
12675 13710 13657 13662 13707
12676 13708 13707 13662 13709
12677 13704 13706 13701 13702
12678 13705 13704 13702 13703
12679 13703 13702 13687 13688
12680 13702 13701 13694 13687
12681 13699 13659 13697 13700
12682 13697 13659 13655 13698
12683 13696 13692 13690 13695
12684 13695 13690 13686 13693
12685 13693 13686 13687 13694
12686 13692 13691 13689 13690
12687 13690 13689 13685 13686
12688 13686 13685 13688 13687
12689 13679 13676 13682 13684
12690 13682 13676 13680 13683
12691 13680 13676 13677 13681
12692 13677 13676 13679 13678
12693 13670 13667 13673 13675
12694 13673 13667 13671 13674
12695 13671 13667 13668 13672
12696 13668 13667 13670 13669
12697 13664 13663 13666 13665
12698 13657 13654 13660 13662
12699 13660 13654 13658 13661
12700 13658 13654 13655 13659
12701 13655 13654 13657 13656
12702 13652 13648 13649 13653
12703 13649 13648 13651 13650
12704 13646 13642 13643 13647
12705 13643 13642 13645 13644
